Date,Open,High,Low,Close,Volume,Adj Close
2016-10-06,12.06,12.06,12.06,12.06,000,12.06
2016-10-05,12.06,12.06,12.06,12.06,000,12.06
2016-10-04,12.06,12.06,12.06,12.06,000,12.06
2016-10-03,12.06,12.06,12.06,12.06,000,12.06
2016-09-30,12.00,12.12,11.89,12.06,18011800,12.06
2016-09-29,12.17,12.25,11.98,12.04,30011200,12.04
2016-09-28,12.34,12.50,12.23,12.26,33954800,12.26
2016-09-27,11.99,12.49,11.76,12.44,52148500,12.44
2016-09-26,12.10,12.35,11.93,12.02,49943400,12.02
2016-09-23,11.50,12.65,11.50,12.19,91013600,12.19
2016-09-22,11.08,11.77,11.02,11.60,31873700,11.60
2016-09-21,11.00,11.08,10.97,11.01,6868200,11.01
2016-09-20,11.06,11.12,10.95,11.00,8942400,11.00
2016-09-19,10.87,11.07,10.87,11.04,8854300,11.04
2016-09-16,10.87,10.87,10.87,10.87,000,10.87
2016-09-15,10.87,10.87,10.87,10.87,000,10.87
2016-09-14,10.91,11.03,10.81,10.87,8711600,10.87
2016-09-13,10.99,11.00,10.87,10.95,8375300,10.95
2016-09-12,11.05,11.14,10.86,10.89,16766900,10.89
2016-09-09,11.44,11.53,11.20,11.30,13617800,11.30
2016-09-08,11.30,11.50,11.27,11.43,14221900,11.43
2016-09-07,11.28,11.54,11.20,11.36,23906500,11.36
2016-09-06,11.03,11.30,10.94,11.29,15595900,11.29
2016-09-05,11.09,11.12,10.96,11.02,8997600,11.02
2016-09-02,11.08,11.16,10.99,11.04,9426200,11.04
2016-09-01,11.09,11.20,11.04,11.07,12261200,11.07
2016-08-31,11.13,11.14,10.99,11.07,8702300,11.07
2016-08-30,11.11,11.18,11.06,11.10,7213800,11.10
2016-08-29,11.07,11.16,11.00,11.11,6995500,11.11
2016-08-26,11.13,11.21,11.01,11.07,12574900,11.07
2016-08-25,11.20,11.20,10.96,11.09,11779100,11.09
2016-08-24,11.26,11.39,11.17,11.28,10142400,11.28
2016-08-23,11.36,11.45,11.15,11.27,14418600,11.27
2016-08-22,11.26,11.54,11.26,11.42,19996400,11.42
2016-08-19,11.29,11.36,11.17,11.25,12959100,11.25
2016-08-18,11.22,11.46,11.16,11.28,16861400,11.28
2016-08-17,11.18,11.31,11.15,11.22,14039200,11.22
2016-08-16,11.21,11.34,11.13,11.20,14913100,11.20
2016-08-15,10.92,11.33,10.90,11.20,22625500,11.20
2016-08-12,10.70,10.86,10.65,10.82,9003000,10.82
2016-08-11,10.90,10.99,10.71,10.71,10984900,10.71
2016-08-10,11.10,11.13,10.94,10.97,9727700,10.97
2016-08-09,11.00,11.10,10.90,11.09,10689200,11.09
2016-08-08,10.71,11.00,10.61,11.00,12082900,11.00
2016-08-05,10.88,10.90,10.71,10.73,9789400,10.73
2016-08-04,10.78,11.00,10.62,10.93,13521900,10.93
2016-08-03,10.88,10.90,10.71,10.78,9590400,10.78
2016-08-02,10.82,10.95,10.33,10.90,9292300,10.90
2016-08-01,11.03,11.03,10.57,10.73,15316300,10.73
2016-07-29,11.09,11.18,10.94,11.08,12961200,11.08
2016-07-28,11.33,11.40,10.88,11.08,27451600,11.08
2016-07-27,12.01,12.20,11.21,11.32,40750500,11.32
2016-07-26,11.88,12.02,11.85,11.97,15794900,11.97
2016-07-25,11.81,12.10,11.75,11.87,19280100,11.87
2016-07-22,11.96,12.06,11.81,11.85,21262700,11.85
2016-07-21,11.99,12.17,11.93,11.99,24436500,11.99
2016-07-20,12.16,12.16,11.90,11.94,17032100,11.94
2016-07-19,11.93,12.17,11.83,12.16,23174700,12.16
2016-07-18,11.93,12.03,11.78,11.93,18835600,11.93
2016-07-15,12.10,12.17,11.90,11.97,25004300,11.97
2016-07-14,11.80,12.25,11.69,12.19,44652800,12.19
2016-07-13,11.67,11.86,11.61,11.80,30403200,11.80
2016-07-12,11.53,11.79,11.18,11.70,37215300,11.70
2016-07-11,11.50,11.88,11.42,11.53,37180500,11.53
2016-07-08,11.40,11.62,11.30,11.46,20809100,11.46
2016-07-07,11.53,11.69,11.33,11.47,25481600,11.47
2016-07-06,11.44,11.59,11.36,11.56,23327300,11.56
2016-07-05,11.60,11.60,11.39,11.53,28952300,11.53
2016-07-04,11.12,11.62,11.05,11.59,36568400,11.59
2016-07-01,11.24,11.45,11.13,11.17,22491100,11.17
2016-06-30,11.26,11.45,11.15,11.22,25109500,11.22
2016-06-29,11.39,11.42,11.12,11.18,29042300,11.18
2016-06-28,11.10,11.37,10.96,11.33,45417400,11.33
2016-06-27,10.35,11.49,10.35,11.21,50688900,11.21
2016-06-24,10.65,10.74,10.02,10.47,29101700,10.47
2016-06-23,10.56,10.85,10.49,10.73,29036700,10.73
2016-06-22,10.16,10.60,10.16,10.59,16879700,10.59
2016-06-21,10.60,10.75,10.22,10.28,20568400,10.28
2016-06-20,10.46,10.57,10.11,10.50,13677000,10.50
2016-06-17,10.38,10.65,10.32,10.42,16675900,10.42
2016-06-16,10.38,10.54,10.31,10.37,16272900,10.37
2016-06-15,9.91,10.55,9.86,10.40,19234200,10.40
2016-06-14,10.02,10.12,9.92,10.03,14188700,10.03
2016-06-13,10.75,10.75,9.90,10.04,22820000,10.04
2016-06-10,10.91,10.91,10.91,10.91,000,10.91
2016-06-09,10.91,10.91,10.91,10.91,000,10.91
2016-06-08,10.97,11.03,10.81,10.91,17566500,10.91
2016-06-07,10.94,10.98,10.78,10.93,15880900,10.93
2016-06-06,11.02,11.04,10.82,10.90,18964800,10.90
2016-06-03,10.81,11.15,10.65,11.03,35678300,11.03
2016-06-02,10.71,10.83,10.67,10.82,19939100,10.82
2016-06-01,10.85,10.93,10.70,10.75,26389700,10.75
2016-05-31,10.13,10.88,10.08,10.85,37379200,10.85
2016-05-30,10.12,10.22,9.92,10.06,10237800,10.06
2016-05-27,10.25,10.32,10.15,10.16,13221700,10.16
2016-05-26,10.13,10.28,9.87,10.26,18187600,10.26
2016-05-25,10.26,10.44,10.13,10.15,18693500,10.15
2016-05-24,10.31,10.32,10.03,10.14,15740800,10.14
2016-05-23,10.14,10.35,10.14,10.34,22676600,10.34
2016-05-20,9.85,10.17,9.71,10.10,16495800,10.10
2016-05-19,9.80,10.23,9.77,9.91,21551900,9.91
2016-05-18,10.03,10.07,9.60,9.75,16353000,9.75
2016-05-17,10.07,10.40,9.88,10.16,19302400,10.16
2016-05-16,9.83,10.08,9.76,10.06,10482900,10.06
2016-05-13,9.98,10.16,9.72,9.86,11905500,9.86
2016-05-12,10.00,10.07,9.56,10.01,14706300,10.01
2016-05-11,10.53,10.67,10.21,10.25,10420000,10.25
2016-05-10,10.2214,10.3929,10.1929,10.3429,11594000,7.35207
2016-05-09,10.6929,10.7143,10.0714,10.1929,19734100,7.24545
2016-05-06,15.89994,16.05002,15.05994,15.09004,25224400,10.72649
2016-05-05,15.79998,16.05996,15.72998,15.96994,20862900,11.35195
2016-05-04,15.68994,15.84002,15.60006,15.72004,17628600,11.17432
2016-05-03,15.14996,15.70002,15.02004,15.68994,19393600,11.15292
2016-05-02,15.14002,15.14002,15.14002,15.14002,000,10.76202
2016-04-29,15.09004,15.30998,15.02998,15.14002,10712900,10.76202
2016-04-28,15.47,15.56002,14.79996,15.23998,21105000,10.83308
2016-04-27,15.61,15.84002,15.40,15.42996,17696400,10.96812
2016-04-26,15.32006,15.72004,15.30998,15.70002,15400700,11.16009
2016-04-25,15.35002,15.47,15.11006,15.35996,15019100,10.91836
2016-04-22,15.19994,15.51998,15.05,15.49996,19288000,11.01788
2016-04-21,15.81006,15.88006,15.40,15.44998,25190600,10.98235
2016-04-20,17.14006,17.26998,15.42002,15.84996,43442200,11.26667
2016-04-19,16.96002,17.12004,16.75996,16.91004,18023400,12.02021
2016-04-18,17.19998,17.19998,16.73,16.82996,28149400,11.96329
2016-04-15,17.80002,17.87002,17.35006,17.49006,26549900,12.43251
2016-04-14,17.75004,17.82004,17.50,17.75998,30637100,12.62437
2016-04-13,17.71,18.15002,17.50,17.63006,57566500,12.53202
2016-04-12,17.35006,17.80002,17.19998,17.66002,42755600,12.55332
2016-04-11,17.19998,17.68998,17.12004,17.40004,40786700,12.36852
2016-04-08,16.91998,17.50,16.61002,17.03002,41589400,12.10549
2016-04-07,17.71,17.73002,17.01994,17.07006,53878900,12.13396
2016-04-06,17.07006,18.13,16.96002,17.89004,70931400,12.71682
2016-04-05,16.42004,17.24996,16.31994,17.12004,45097000,12.16948
2016-04-04,16.40002,16.40002,16.40002,16.40002,000,11.65767
2016-04-01,16.40002,16.49004,16.00004,16.40002,27999600,11.65767
2016-03-31,16.61002,16.89002,16.51006,16.52994,31844000,11.75002
2016-03-30,16.03994,16.54002,15.93004,16.52994,30602100,11.75002
2016-03-29,16.35004,16.59,15.61,15.82994,32600100,11.25244
2016-03-28,16.89002,17.19004,16.35004,16.45,36013700,11.6932
2016-03-25,16.66,16.82002,16.33002,16.72006,27639900,11.88516
2016-03-24,16.70998,17.40004,16.45994,16.65006,43994500,11.83541
2016-03-23,16.77998,17.05998,16.54996,16.96996,35426800,12.0628
2016-03-22,17.00006,17.08,16.80,16.86006,41056900,11.98468
2016-03-21,17.00006,17.38996,16.80,17.22994,62693700,12.2476
2016-03-18,16.47996,17.24002,16.31994,16.94994,69692400,12.04857
2016-03-17,15.75994,16.73,15.54994,16.47002,72473900,11.70743
2016-03-16,15.98002,16.35998,15.61994,15.70996,55004500,11.16715
2016-03-15,15.82994,16.17,15.30004,15.91002,55536900,11.30936
2016-03-14,14.67004,15.82994,14.63994,15.82994,36525200,11.25244
2016-03-11,14.30996,14.67004,14.21,14.39004,20479500,10.22891
2016-03-10,15.63002,15.96,14.72002,14.74998,41455400,10.48477
2016-03-09,15.60006,16.24,15.51004,15.54994,36561900,11.05341
2016-03-08,14.84994,16.17994,14.49994,16.14004,50896400,11.47287
2016-03-07,14.60004,15.47994,14.60004,15.18006,33041700,10.79048
2016-03-04,14.55006,14.67998,14.00,14.39998,40399000,10.23598
2016-03-03,14.49994,15.42002,14.39998,14.70994,46675800,10.45631
2016-03-02,13.59,14.65002,13.59,14.53998,39039300,10.33549
2016-03-01,13.30,13.85,13.05,13.67001,32607800,9.71709
2016-02-29,14.63,14.63,13.19,13.20,33487100,9.38299
2016-02-26,15.30004,15.39006,14.35,14.65996,29593000,10.42078
2016-02-25,16.80,16.80,15.16998,15.16998,38588200,10.78332
2016-02-24,16.70998,16.96002,16.26002,16.86006,31138200,11.98468
2016-02-23,17.22,17.24996,16.40002,16.87,35599700,11.99175
2016-02-22,17.15,17.29,16.91004,17.22,41342300,12.24054
2016-02-19,16.61002,17.21006,16.44006,16.98998,43903300,12.07703
2016-02-18,16.63998,16.87994,16.31,16.84004,48652100,11.97045
2016-02-17,16.05002,16.68996,15.89994,16.58006,46693100,11.78565
2016-02-16,15.35996,16.47002,15.35996,16.28998,44335400,11.57945
2016-02-15,14.55006,15.37998,14.55006,15.19994,24838100,10.80461
2016-02-12,15.19,15.19,15.19,15.19,000,10.79755
2016-02-11,15.19,15.19,15.19,15.19,000,10.79755
2016-02-10,15.19,15.19,15.19,15.19,000,10.79755
2016-02-09,15.19,15.19,15.19,15.19,000,10.79755
2016-02-08,15.19,15.19,15.19,15.19,000,10.79755
2016-02-05,15.96,16.00004,15.09998,15.19,28042200,10.79755
2016-02-04,15.72004,16.12996,15.72004,15.91002,42876100,11.30936
2016-02-03,15.60006,15.82994,15.14996,15.79004,44832700,11.22408
2016-02-02,15.32006,16.17,15.19,16.02006,68284400,11.38758
2016-02-01,15.14996,15.93998,14.81004,15.47,53510800,10.99658
2016-01-29,13.66,15.00002,13.66,15.00002,35494700,10.6625
2016-01-28,14.39998,14.98994,13.60001,13.64,24633200,9.69576
2016-01-27,15.40994,15.54994,13.75,14.91,38914800,10.59851
2016-01-26,16.51006,16.70004,15.28002,15.28002,32010100,10.86154
2016-01-25,17.08,17.47004,16.66,16.98004,27882400,12.06997
2016-01-22,16.68996,16.94,15.84996,16.87,25361700,11.99175
2016-01-21,17.40004,18.15002,16.31,16.38994,41040500,11.6505
2016-01-20,17.68004,17.87002,17.07006,17.75004,39221700,12.61731
2016-01-19,16.59994,17.80996,16.51006,17.73002,33384600,12.60308
2016-01-18,15.60006,17.08,15.49996,16.68002,25460000,11.8567
2016-01-15,16.98998,17.56006,16.05996,16.23006,33138500,11.53686
2016-01-14,15.79998,17.38996,15.61994,17.29994,35548900,12.29736
2016-01-13,17.96998,18.06994,16.40002,16.40996,35681100,11.66474
2016-01-12,17.45002,18.15002,16.89996,17.73996,33230900,12.61014
2016-01-11,18.99996,19.17006,17.68998,17.68998,39681000,12.57462
2016-01-08,20.50006,20.97998,18.59998,19.66006,46674500,13.97501
2016-01-07,21.98994,21.98994,20.23994,20.23994,11501600,14.38721
2016-01-06,22.33994,22.68,21.28994,22.49002,48130500,15.98664
2016-01-05,22.05,23.58006,21.46998,22.09004,53628300,15.70232
2016-01-04,26.48002,26.50004,23.86006,23.86006,38890600,16.96051
2016-01-01,26.50998,26.50998,26.50998,26.50998,000,18.84416
2015-12-31,27.48004,28.07994,26.39994,26.50998,53747100,18.84416
2015-12-30,27.18002,28.79002,27.18002,27.78006,92513400,19.74697
2015-12-29,26.80006,27.13998,26.25,27.08006,44608900,19.24939
2015-12-28,25.97994,27.60002,25.80998,27.11002,82090100,19.27069
2015-12-25,25.99996,26.64998,25.55994,25.92002,26991900,18.4248
2015-12-24,26.18,26.50004,25.17998,25.85996,41406800,18.3821
2015-12-23,26.18,27.44994,26.08004,26.34996,80060400,18.73041
2015-12-22,25.22996,26.88994,24.82998,26.32994,81073000,18.71618
2015-12-21,25.06,25.36996,24.66002,25.15996,35484900,17.88452
2015-12-18,25.50996,25.69994,24.70006,24.96004,46586400,17.74241
2015-12-17,24.38002,26.34996,24.29994,25.71002,75784500,18.27552
2015-12-16,24.61998,25.10004,24.12004,24.19004,53892300,17.19507
2015-12-15,23.77998,24.87996,23.56004,24.50,38933900,17.4154
2015-12-14,23.40002,23.79006,22.58004,23.68002,36399700,16.83253
2015-12-11,24.50,25.50002,23.00004,23.70004,57870100,16.84676
2015-12-10,25.10004,25.52004,24.66002,24.75998,52291100,17.6002
2015-12-09,24.29994,25.59998,23.80,25.26006,76498600,17.95568
2015-12-08,23.30006,25.34994,23.10,24.54004,61241100,17.44386
2015-12-07,22.91996,23.75002,22.61994,23.44006,31358500,16.66196
2015-12-04,22.79998,23.40002,22.56002,22.75,29068300,16.17144
2015-12-03,22.00002,22.91002,21.98994,22.89994,30808700,16.27803
2015-12-02,22.23998,22.58004,20.51,21.77994,30306300,15.48189
2015-12-01,22.56002,22.84996,22.00002,22.25006,28954000,15.81607
2015-11-30,23.00004,23.49004,21.02996,22.65998,44715700,16.10745
2015-11-27,25.66004,26.15998,22.82994,23.19996,59552100,16.49129
2015-11-26,26.29998,26.48002,25.27,25.33006,47457400,18.00543
2015-11-25,25.15002,26.29998,25.12006,25.97,56584000,18.46032
2015-11-24,24.94002,25.45998,24.45002,25.43996,39307100,18.08355
2015-11-23,25.41,26.29004,24.71994,25.10004,78335700,17.84193
2015-11-20,23.91998,25.80004,23.75996,25.29002,93913800,17.97697
2015-11-19,23.70998,23.96002,23.19996,23.93006,35185900,17.01027
2015-11-18,23.35998,24.24996,23.19996,23.44006,45252500,16.66196
2015-11-17,24.05004,24.19998,23.19996,23.31,49844400,16.56951
2015-11-16,23.03,23.79006,22.81006,23.77004,36650000,16.89652
2015-11-13,23.80,24.00006,23.02006,23.28998,53045100,16.55528
2015-11-12,25.06994,25.19006,24.10002,24.43994,61767100,17.37271
2015-11-11,24.59996,25.43996,24.19998,25.22002,67281300,17.92721
2015-11-10,24.50,25.29996,24.12998,24.45996,69064600,17.38694
2015-11-09,24.01,25.24998,23.38,24.85,82652100,17.66419
2015-11-06,24.05004,24.59002,23.91004,24.29,79204600,17.26613
2015-11-05,24.00006,24.38002,23.28998,23.80994,83662900,16.92488
2015-11-04,22.42002,24.38996,22.42002,24.28006,91248000,17.25906
2015-11-03,22.23004,22.81006,21.90006,22.21002,42653000,15.78761
2015-11-02,22.00002,23.87,21.84,22.35996,70000300,15.89419
2015-10-30,22.14996,24.00006,21.79996,23.05996,87595900,16.39177
2015-10-29,22.60006,22.70002,21.60998,22.07002,48940200,15.68809
2015-10-28,22.19994,23.40996,22.00996,22.23998,67921300,15.8089
2015-10-27,22.51004,22.98002,21.39004,22.67006,56411500,16.11462
2015-10-26,22.47,23.89002,21.60004,23.00998,90107400,16.35625
2015-10-23,21.49994,22.89994,20.88996,22.23004,71337400,15.80184
2015-10-22,20.72994,21.51996,19.69996,21.49994,58194100,15.28286
2015-10-21,22.82,23.03994,20.74002,20.74002,77061100,14.74268
2015-10-20,21.93002,23.42998,21.91994,23.03994,82709700,16.37754
2015-10-19,22.70996,23.49998,21.70,22.05,74906900,15.67386
2015-10-16,22.89,22.89,22.02004,22.51004,70082500,16.00087
2015-10-15,21.55006,22.75,21.46998,22.72998,69059600,16.15721
2015-10-14,21.84,22.40,21.63994,21.74998,58038500,15.4606
2015-10-13,22.25006,23.19996,22.12994,22.21002,88264300,15.78761
2015-10-12,21.20006,22.19,21.02002,21.65002,77687800,15.38954
2015-10-09,20.41004,20.78006,20.13004,20.64006,62022000,14.67163
2015-10-08,20.29006,20.88996,19.60994,20.57006,67389300,14.62187
2015-10-07,19.25994,19.25994,19.25994,19.25994,000,13.69059
2015-10-06,19.25994,19.25994,19.25994,19.25994,000,13.69059
2015-10-05,19.25994,19.25994,19.25994,19.25994,000,13.69059
2015-10-02,19.25994,19.25994,19.25994,19.25994,000,13.69059
2015-10-01,19.25994,19.25994,19.25994,19.25994,000,13.69059
2015-09-30,19.50998,19.97996,19.10006,19.25994,43480400,13.69059
2015-09-29,19.74994,20.09,19.01004,19.22998,62962600,13.6693
2015-09-28,18.75006,20.32002,18.43996,20.32002,75138200,14.44413
2015-09-25,19.99998,20.76998,18.24998,18.47006,80284200,13.12912
2015-09-24,20.08006,20.93,19.83996,20.23,87926500,14.38014
2015-09-23,19.66006,21.70,19.50004,20.58,114280200,14.62894
2015-09-22,20.25002,20.99006,19.80006,20.30,114603600,14.4299
2015-09-21,18.87998,21.00,18.61006,20.79994,131525300,14.78528
2015-09-18,19.50004,20.29006,18.54006,19.97002,168429600,14.19534
2015-09-17,18.54006,18.54006,18.54006,18.54006,43689800,13.17888
2015-09-16,15.98996,16.84998,15.98996,16.84998,58918400,11.97752
2015-09-15,15.32006,16.79006,14.81004,15.32006,66746000,10.89
2015-09-14,17.99,17.99,16.33002,16.33002,61282100,11.60791
2015-09-11,17.19998,18.62994,17.19998,18.13994,84524500,12.89446
2015-09-10,17.33004,17.73002,16.91004,16.94,55366400,12.04151
2015-09-09,17.22,18.43996,16.98998,17.78994,97056000,12.64567
2015-09-08,15.49996,16.89002,15.26994,16.87994,97080600,11.99881
2015-09-07,14.60004,15.35002,14.49994,15.35002,68296000,10.9113
2015-09-04,13.95001,13.95001,13.95001,13.95001,000,9.91612
2015-09-03,13.95001,13.95001,13.95001,13.95001,000,9.91612
2015-09-02,13.95001,16.03,13.95001,13.95001,60061200,9.91612
2015-09-01,16.49998,16.49998,15.49996,15.49996,40576500,11.01788
2015-08-31,18.59998,18.85002,17.22,17.22,45286800,12.24054
2015-08-28,17.38002,19.15004,17.21006,19.13002,70891900,13.59824
2015-08-27,17.80002,18.20,15.61994,17.42006,76062500,12.38275
2015-08-26,17.59996,19.27996,17.36,17.36,84320000,12.34005
2015-08-25,19.29004,19.29004,19.29004,19.29004,5166700,13.71199
2015-08-24,21.56,22.18006,21.42994,21.42994,17625900,15.2331
2015-08-21,25.27,25.97994,23.80994,23.80994,57352200,16.92488
2015-08-20,27.81002,28.70,26.39994,26.46,50406000,18.80863
2015-08-19,25.99996,28.04004,24.57994,27.92006,51250000,19.84649
2015-08-18,30.66,30.75996,27.29006,27.29006,58508200,19.39867
2015-08-17,28.49994,30.49004,28.41006,30.31994,54320400,21.5524
2015-08-14,29.07996,29.86998,28.79996,28.97006,43557500,20.59287
2015-08-13,28.04004,28.88998,27.76004,28.86002,33668600,20.51465
2015-08-12,28.49994,29.65998,28.18998,28.25998,33007900,20.08812
2015-08-11,29.79998,29.88006,28.70,29.07996,55978500,20.67099
2015-08-10,29.19994,30.35998,28.62006,29.98002,56402000,21.31078
2015-08-07,27.64006,29.21996,27.50006,28.62006,54466000,20.34407
2015-08-06,25.99996,27.99006,25.61006,27.08006,41823000,19.24939
2015-08-05,27.76998,28.93002,26.90002,27.02994,60506000,19.21376
2015-08-04,25.59998,27.69998,24.80002,27.69998,69830100,19.69005
2015-08-03,26.80006,27.20004,25.06994,25.15002,82023500,17.87746
2015-07-31,30.02006,30.59,27.58,27.79,68133500,19.75404
2015-07-30,30.00004,32.78002,29.51004,30.54996,94773000,21.71591
2015-07-29,30.89996,31.35006,27.13004,30.75002,100928200,21.85812
2015-07-28,30.14998,32.69,30.12996,30.12996,136549900,21.41736
2015-07-27,34.95996,36.51998,33.48002,33.48002,90290400,23.79869
2015-07-24,36.51004,39.87998,36.19994,37.19996,174100800,26.44295
2015-07-23,38.75004,38.75004,38.75004,38.75004,10108800,27.54479
2015-07-22,43.05994,43.05994,43.05994,43.05994,1297900,30.60841
2015-07-21,47.90002,47.90002,47.90002,47.90002,000,34.0489
2015-07-20,47.90002,47.90002,47.90002,47.90002,000,34.0489
2015-07-17,47.90002,47.90002,47.90002,47.90002,000,34.0489
2015-07-16,47.90002,47.90002,47.90002,47.90002,000,34.0489
2015-07-15,47.90002,47.90002,47.90002,47.90002,000,34.0489
2015-07-14,47.90002,47.90002,47.90002,47.90002,000,34.0489
2015-07-13,47.90002,47.90002,47.90002,47.90002,000,34.0489
2015-07-10,47.90002,47.90002,47.90002,47.90002,000,34.0489
2015-07-09,47.90002,47.90002,47.90002,47.90002,000,34.0489
2015-07-08,47.90002,47.90002,47.90002,47.90002,000,34.0489
2015-07-07,47.90002,47.90002,47.90002,47.90002,000,34.0489
2015-07-06,47.90002,47.90002,47.90002,47.90002,000,34.0489
2015-07-03,47.90002,47.90002,47.90002,47.90002,000,34.0489
2015-07-02,47.90002,47.90002,47.90002,47.90002,000,34.0489
2015-07-01,47.90002,47.90002,47.90002,47.90002,000,34.0489
2015-06-30,47.90002,47.90002,47.90002,47.90002,000,34.0489
2015-06-29,47.90002,47.90002,47.90002,47.90002,000,34.0489
2015-06-26,47.90002,47.90002,47.90002,47.90002,000,34.0489
2015-06-25,47.90002,47.90002,47.90002,47.90002,000,34.0489
2015-06-24,47.90002,47.90002,47.90002,47.90002,000,34.0489
2015-06-23,47.90002,47.90002,47.90002,47.90002,000,34.0489
2015-06-22,47.90002,47.90002,47.90002,47.90002,000,34.0489
2015-06-19,47.90002,47.90002,47.90002,47.90002,000,34.0489
2015-06-18,47.90002,47.90002,47.90002,47.90002,000,34.0489
2015-06-17,47.90002,47.90002,47.90002,47.90002,000,34.0489
2015-06-16,47.90002,47.90002,47.90002,47.90002,000,34.0489
2015-06-15,47.90002,47.90002,47.90002,47.90002,000,34.0489
2015-06-12,47.90002,47.90002,47.90002,47.90002,000,34.0489
2015-06-11,47.90002,47.90002,47.90002,47.90002,000,34.0489
2015-06-10,47.90002,47.90002,47.90002,47.90002,000,34.0489
2015-06-09,47.90002,47.90002,47.90002,47.90002,000,34.0489
2015-06-08,47.90002,47.90002,47.90002,47.90002,000,34.0489
2015-06-05,47.90002,47.90002,47.90002,47.90002,000,34.0489
2015-06-04,47.90002,47.90002,47.90002,47.90002,000,34.0489
2015-06-03,47.90002,47.90002,47.90002,47.90002,000,34.0489
2015-06-02,47.90002,47.90002,47.90002,47.90002,000,34.0489
2015-06-01,47.90002,47.90002,47.90002,47.90002,000,33.9872
2015-05-29,47.90002,47.90002,47.90002,47.90002,000,33.9872
2015-05-28,47.90002,47.90002,47.90002,47.90002,000,33.9872
2015-05-27,45.78994,49.51996,43.93004,47.90002,82980900,33.9872
2015-05-26,42.79996,45.99,42.51002,45.52002,77601100,32.29848
2015-05-25,40.48996,42.21,39.68006,41.88996,73598500,29.72279
2015-05-22,43.98996,43.98996,40.29998,41.16,80928400,29.20485
2015-05-21,38.45002,42.14994,38.45002,42.14,87209600,29.90021
2015-05-20,37.09006,39.48994,37.05996,38.31996,84551300,27.18972
2015-05-19,36.19994,37.03994,35.81998,37.00004,58558400,26.25318
2015-05-18,36.00002,36.84002,35.51002,36.09998,51405100,25.61454
2015-05-15,35.20006,36.74006,34.69998,36.00002,59036400,25.54362
2015-05-14,36.00002,36.49996,35.20006,35.28994,50150800,25.03979
2015-05-13,36.95006,36.98996,35.62006,36.16998,63980000,25.66421
2015-05-12,37.77004,38.80002,36.51004,36.96,83868300,26.22477
2015-05-11,36.30004,38.00006,36.00002,37.66,91434400,26.72145
2015-05-08,35.35,36.68,35.09996,36.47994,90037900,25.88414
2015-05-07,34.90004,36.79998,33.38006,35.14994,73397700,24.94045
2015-05-06,36.95006,37.80,34.62998,35.53004,85474200,25.21015
2015-05-05,36.84996,37.68996,35.55006,36.75,85773700,26.07576
2015-05-04,34.97998,36.89994,33.90002,36.86004,91400500,26.15384
2015-05-01,34.93994,34.93994,34.93994,34.93994,000,24.79144
2015-04-30,33.01004,36.89994,33.01004,34.93994,108004900,24.79144
2015-04-29,31.85,34.39996,31.10002,33.97996,97385800,24.1103
2015-04-28,34.69998,35.00,32.08002,32.13,134435000,22.79767
2015-04-27,35.63994,35.63994,35.63994,35.63994,000,25.28813
2015-04-24,32.45004,35.63994,31.99994,35.63994,146381500,25.28813
2015-04-23,32.99996,33.25,31.99,32.40006,58881100,22.98929
2015-04-22,32.50002,33.45006,32.47006,32.83994,101971300,23.3014
2015-04-21,30.30006,32.78002,30.30006,32.48,81606900,23.04601
2015-04-20,31.78,31.78,29.86004,30.31994,76680900,21.51335
2015-04-17,32.48994,33.38006,31.45002,32.05006,94344400,22.74095
2015-04-16,31.07006,32.80004,28.23996,32.52998,76634400,23.08147
2015-04-15,32.10004,33.38006,30.61996,31.38002,86552300,22.26552
2015-04-14,33.41002,33.41996,31.99994,32.06,61085300,22.748
2015-04-13,33.27002,34.58,32.59998,33.41996,93693100,23.71295
2015-04-10,32.59998,33.95,32.03998,33.17006,113700500,23.53564
2015-04-09,33.80006,34.69004,32.10004,34.02,142388100,24.13871
2015-04-08,30.00004,33.06996,29.89994,33.06996,115663400,23.46461
2015-04-07,30.00004,30.23006,29.35002,30.05996,71422700,21.32888
2015-04-06,30.05002,30.05002,30.05002,30.05002,000,21.32183
2015-04-03,29.58998,30.87994,29.21002,30.05002,58096900,21.32183
2015-04-02,28.76006,29.79998,28.69006,29.79004,57732500,21.13736
2015-04-01,28.21994,28.98994,28.09996,28.81004,46387200,20.44201
2015-03-31,28.49994,28.95998,28.07,28.20006,41406700,20.0092
2015-03-30,29.00002,29.25006,28.20006,28.51002,37292300,20.22913
2015-03-27,28.28,29.12994,27.76998,28.98,34299600,20.5626
2015-03-26,30.37006,30.45,27.72994,28.28994,72316500,20.07297
2015-03-25,31.00006,31.71994,30.28004,30.80994,49801500,21.86103
2015-03-24,31.98006,31.98006,29.61,31.29,66692600,22.20165
2015-03-23,30.35998,31.82004,29.88006,31.59002,65848200,22.41453
2015-03-20,28.35994,30.10994,28.11998,29.75994,67311400,21.116
2015-03-19,29.30004,29.84996,28.09002,28.60998,68519600,20.30006
2015-03-18,28.48006,28.88004,27.71006,28.28,54759300,20.06592
2015-03-17,27.53996,28.49,27.23994,28.35,74556000,20.11559
2015-03-16,27.30,28.18998,26.99998,27.51994,69282500,19.52662
2015-03-13,26.39,27.34004,25.82006,27.06998,52014200,19.20736
2015-03-12,26.60,27.48004,25.92002,26.41002,63808200,18.73909
2015-03-11,24.70006,26.74,24.59996,26.53994,65306600,18.83127
2015-03-10,24.99994,24.99994,24.40004,24.71994,27888800,17.5399
2015-03-09,24.50,25.08002,24.31002,25.06,20455600,17.78119
2015-03-06,25.24998,25.27,24.50,24.52996,29107500,17.4051
2015-03-05,25.62994,25.89006,24.91006,25.29002,34839200,17.9444
2015-03-04,25.90,26.06996,25.34994,25.61006,40299300,18.17148
2015-03-03,26.69996,26.99004,25.92002,26.10006,47198900,18.51916
2015-03-02,26.20002,27.20004,25.69994,26.78998,54152200,19.00869
2015-02-27,25.85996,26.15004,25.64996,26.10006,27769300,18.51916
2015-02-26,26.25,26.34996,25.36002,25.96006,25811700,18.41982
2015-02-25,26.50004,26.78004,25.90,26.17006,22344300,18.56882
2015-02-24,26.36004,26.36004,26.36004,26.36004,000,18.70362
2015-02-23,26.36004,26.36004,26.36004,26.36004,000,18.70362
2015-02-20,26.36004,26.36004,26.36004,26.36004,000,18.70362
2015-02-19,26.36004,26.36004,26.36004,26.36004,000,18.70362
2015-02-18,26.36004,26.36004,26.36004,26.36004,000,18.70362
2015-02-17,27.16,27.16,26.08998,26.36004,38806600,18.70362
2015-02-16,25.76994,27.20004,25.57996,27.09,50118000,19.22156
2015-02-13,25.90,26.11,25.36002,25.78996,28076400,18.29913
2015-02-12,26.25,26.25,25.55,25.55994,27686300,18.13592
2015-02-11,25.33006,26.31006,25.08002,25.94998,33848000,18.41267
2015-02-10,25.01996,25.55994,24.08,25.41994,35122300,18.03658
2015-02-09,26.39,26.67994,24.40004,24.94002,35523800,17.69606
2015-02-06,27.02,27.58994,25.17998,25.68006,38562400,18.22115
2015-02-05,27.18002,28.16996,26.69996,27.11002,49156300,19.23577
2015-02-04,27.41998,27.88996,26.69002,27.27998,35306500,19.35636
2015-02-03,26.60,28.39004,26.60,27.50006,53394100,19.51252
2015-02-02,25.85996,27.15006,24.87996,26.50998,33718000,18.81001
2015-01-30,28.49994,29.14996,25.87998,26.06002,71761200,18.49075
2015-01-29,27.67996,28.55006,27.30,27.97004,45030100,19.84599
2015-01-28,26.76002,29.26,26.60,27.86994,78560300,19.77497
2015-01-27,26.38006,26.92004,25.92002,26.78004,46265200,19.00163
2015-01-26,25.45004,26.87006,25.45004,26.34996,69559500,18.69647
2015-01-23,25.69994,26.04994,24.64,24.89004,38851700,17.66059
2015-01-22,25.29996,25.99996,24.99994,25.83,48140300,18.32754
2015-01-21,25.48994,25.48994,24.45002,25.15002,51428100,17.84506
2015-01-20,23.40002,25.66004,23.40002,25.13,54189900,17.83086
2015-01-19,23.21998,25.45004,22.77996,23.47996,56600200,16.66008
2015-01-16,23.14998,24.78,22.77002,24.54998,55209800,17.41931
2015-01-15,23.05002,23.63998,22.49002,23.07004,27171900,16.36922
2015-01-14,24.19998,24.19998,22.89994,23.24,54167500,16.48982
2015-01-13,23.19996,24.75998,23.19996,24.36994,86088800,17.29156
2015-01-12,21.49994,22.82994,21.30002,22.51004,44704400,15.97188
2015-01-09,21.00,22.65998,21.00,21.53998,39549900,15.28358
2015-01-08,21.63994,21.98,21.04998,21.06006,36318000,14.94305
2015-01-07,21.14,21.79002,20.64006,21.63994,39679200,15.3545
2015-01-06,19.50998,21.44002,19.50004,21.14,41881300,14.99977
2015-01-05,19.81,19.99004,18.33006,19.80006,34119400,14.04903
2015-01-02,20.37,20.37,20.37,20.37,000,14.45342
2015-01-01,20.37,20.37,20.37,20.37,000,14.45342
2014-12-31,19.80006,20.65994,19.64998,20.37,28508200,14.45342
2014-12-30,20.02,20.83004,19.20002,19.64998,49287200,13.94254
2014-12-29,23.17994,23.17994,20.86994,20.86994,51531500,14.80815
2014-12-26,23.54996,23.94994,22.88006,23.19002,20650500,16.45435
2014-12-25,23.17994,24.43,22.75,23.82996,25020800,16.90842
2014-12-24,22.46006,23.16006,22.40994,22.96,20500300,16.29114
2014-12-23,23.65006,23.65006,21.63,22.16998,34076200,15.73059
2014-12-22,25.85996,26.25,23.80,23.80,35864500,16.88716
2014-12-19,27.18002,27.53002,25.48,26.43998,45304500,18.76034
2014-12-18,24.80996,27.27998,24.50994,27.25996,77669500,19.34216
2014-12-17,23.59994,25.06994,23.19996,24.80002,45181100,17.59672
2014-12-16,24.54998,24.78,24.01,24.05998,43928100,17.07163
2014-12-15,24.47998,25.55,24.21006,25.27994,40004100,17.93724
2014-12-12,23.49998,24.75004,23.49998,24.43,34016300,17.33417
2014-12-11,23.49998,24.89004,22.81006,23.84004,48626100,16.91557
2014-12-10,23.49998,24.89004,22.47,24.03996,71108200,17.05742
2014-12-09,27.39996,27.39996,24.96998,24.96998,56440100,17.71731
2014-12-08,28.30002,28.79996,27.55004,27.74002,60978400,19.68278
2014-12-05,26.73006,29.58998,25.99002,28.86002,80191400,20.47747
2014-12-04,26.60,27.48998,26.39994,26.90996,47267100,19.09382
2014-12-03,27.67996,28.09002,25.80998,26.88994,48370600,19.07961
2014-12-02,26.46,28.14994,26.46,27.74002,45225900,19.68278
2014-12-01,27.44,27.44,26.22004,26.43004,39259500,18.75329
2014-11-28,27.90004,28.88998,27.09994,27.44994,49811300,19.47696
2014-11-27,28.00,29.33994,28.00,28.07994,46296000,19.92397
2014-11-26,27.90004,28.28,27.50006,28.07994,45163200,19.92397
2014-11-25,27.48004,28.44996,26.74994,27.93,69793800,19.81758
2014-11-24,24.54998,26.69002,23.96996,26.69002,99815100,18.93776
2014-11-21,24.12004,25.40006,24.00006,24.26004,54324500,17.21358
2014-11-20,24.50,25.76,23.89002,24.22,77487100,17.18517
2014-11-19,23.42004,23.42004,23.42004,23.42004,000,16.61756
2014-11-18,23.42004,23.42004,23.42004,23.42004,000,16.61756
2014-11-17,23.42004,23.42004,23.42004,23.42004,000,16.61756
2014-11-14,23.42004,23.42004,23.42004,23.42004,000,16.61756
2014-11-13,23.42004,23.42004,23.42004,23.42004,000,16.61756
2014-11-12,23.42004,23.42004,23.42004,23.42004,000,16.61756
2014-11-11,23.42004,23.42004,23.42004,23.42004,000,16.61756
2014-11-10,23.42004,23.42004,23.42004,23.42004,000,16.61756
2014-11-07,22.00996,24.12004,22.00002,23.42004,61555500,16.61756
2014-11-06,22.35002,22.54994,21.76006,22.18006,37330500,15.73774
2014-11-05,21.53004,22.61,21.46004,21.83006,41704000,15.4894
2014-11-04,23.38994,23.89996,21.90006,21.93996,79042300,15.56738
2014-11-03,24.49006,24.54998,23.54996,23.61002,40986300,16.75236
2014-10-31,24.47998,24.59996,23.61002,24.56006,46312400,17.42646
2014-10-30,24.21006,24.78994,23.80,24.54998,53920100,17.41931
2014-10-29,22.51998,24.89998,22.51998,24.36,69837400,17.28451
2014-10-28,22.00002,23.56998,21.88998,22.82,54348200,16.19181
2014-10-27,21.00,22.25006,19.99998,22.12994,64027400,15.70218
2014-10-24,21.18998,21.55006,20.69998,21.14,37474100,14.99977
2014-10-23,21.60004,21.74998,20.50006,21.32998,60693800,15.13457
2014-10-22,19.71004,21.72996,19.53,21.49,73104600,15.24811
2014-10-21,20.51,21.20006,19.74,19.78004,62679900,14.03482
2014-10-20,18.55,20.25002,18.55,19.83996,54672200,14.07734
2014-10-17,19.20002,19.29004,18.33006,18.66004,46607500,13.24013
2014-10-16,19.69996,19.95,18.99002,19.13996,75693400,13.58065
2014-10-15,18.50002,19.71004,18.50002,19.71004,80420000,13.98515
2014-10-14,18.96006,18.96006,17.71,17.92,62855600,12.71504
2014-10-13,18.31004,18.97994,18.10004,18.75006,76534900,13.304
2014-10-10,17.35006,18.82006,17.22994,18.47006,77640900,13.10533
2014-10-09,17.54998,17.80996,16.84998,17.49006,52979300,12.40998
2014-10-08,16.35004,17.85994,16.35004,17.52002,62771100,12.43124
2014-10-07,16.47002,16.47002,16.47002,16.47002,000,11.68621
2014-10-06,16.47002,16.47002,16.47002,16.47002,000,11.68621
2014-10-03,16.47002,16.47002,16.47002,16.47002,000,11.68621
2014-10-02,16.47002,16.47002,16.47002,16.47002,000,11.68621
2014-10-01,16.47002,16.47002,16.47002,16.47002,000,11.68621
2014-09-30,15.40,16.89996,15.30998,16.47002,66707100,11.68621
2014-09-29,15.47994,15.82,15.40,15.42002,41577200,10.94119
2014-09-26,14.79996,15.67006,14.72996,15.42002,60693700,10.94119
2014-09-25,15.00996,15.30004,14.84,14.95998,35649800,10.61477
2014-09-24,15.09998,15.09998,14.74998,14.95998,39220700,10.61477
2014-09-23,15.05994,15.28996,14.91,15.12994,36070100,10.73537
2014-09-22,15.23004,15.58998,14.81998,15.21002,57362400,10.79219
2014-09-19,14.60004,15.44998,14.49994,15.21002,76570700,10.79219
2014-09-18,14.42,15.75,14.28,14.88998,109904300,10.5651
2014-09-17,13.20999,14.51002,12.85999,14.51002,84218600,10.29551
2014-09-16,14.21,14.30996,12.99999,13.19,50120200,9.35889
2014-09-15,14.06006,14.25998,13.76999,14.21994,35023600,10.08968
2014-09-12,13.89,14.14994,13.79,14.09996,27081900,10.00455
2014-09-11,14.07994,14.35,13.88001,13.94,39754300,9.89105
2014-09-10,14.41006,14.70,14.00994,14.04998,43843000,9.96909
2014-09-09,14.42994,14.69006,14.27006,14.42994,31164200,10.23869
2014-09-08,14.42,14.42,14.42,14.42,000,10.23163
2014-09-05,14.48006,14.58996,14.25998,14.42,41023100,10.23163
2014-09-04,13.81001,14.79002,13.72,14.70,87001800,10.43031
2014-09-03,13.88001,13.97,13.58,13.80,38462600,9.79171
2014-09-02,13.71,13.97999,13.57,13.76,48806400,9.76333
2014-09-01,12.95,13.75,12.90001,13.62999,48296900,9.67109
2014-08-29,12.90001,12.95,12.52,12.92999,20332600,9.17441
2014-08-28,12.82,13.02,12.70,12.78999,24114500,9.07507
2014-08-27,12.50,12.99999,12.50,12.71999,28240100,9.0254
2014-08-26,13.12,13.13,12.60,12.64,52312400,8.96864
2014-08-25,13.80,13.97999,13.33,13.34999,42233100,9.47242
2014-08-22,13.60001,13.79,13.40,13.66,43366700,9.69238
2014-08-21,13.40,13.55,13.06,13.48999,39531700,9.57175
2014-08-20,13.80,13.80,13.25001,13.39001,57786500,9.50081
2014-08-19,14.14994,14.53998,13.78,13.90,78543200,9.86267
2014-08-18,13.83999,14.09002,13.68,14.04004,52885600,9.96203
2014-08-15,13.69999,14.55006,13.62,13.86,95765200,9.83429
2014-08-14,13.03,14.34006,12.88,13.95001,111457900,9.89815
2014-08-13,13.60001,13.60001,12.75,13.04001,98976000,9.25247
2014-08-12,12.15999,13.30,12.13001,13.30,67407200,9.43694
2014-08-11,12.00,12.15999,11.86,12.08999,43029200,8.57839
2014-08-08,11.86,12.18,11.61,12.07,71977900,8.5642
2014-08-07,11.35,11.99001,11.20,11.75,75711500,8.33715
2014-08-06,11.28,11.45999,11.10,11.27,29419100,7.99657
2014-08-05,11.22001,11.55,11.14,11.36001,37958900,8.06043
2014-08-04,11.10,11.24999,11.05,11.17,22813400,7.92561
2014-08-01,11.36001,11.50001,10.96,11.01001,40229000,7.81209
2014-07-31,11.38,11.52,11.30,11.41,39148400,8.0959
2014-07-30,10.98,11.65,10.82,11.52,67111600,8.17395
2014-07-29,10.95,11.29001,10.82999,10.93,43515800,7.75532
2014-07-28,11.10,11.14,10.75999,10.93,44406400,7.75532
2014-07-25,10.36,11.07,10.33999,10.86,51684900,7.70565
2014-07-24,10.26,10.58,9.95,10.43,34121900,7.40055
2014-07-23,10.57,10.65,10.11,10.28,27817800,7.29412
2014-07-22,10.15,10.52001,10.09,10.51,35392200,7.45731
2014-07-21,10.12,10.28,9.91,10.19,27424800,7.23026
2014-07-18,10.50,10.61999,10.12999,10.18,31763500,7.22317
2014-07-17,10.78,10.87001,10.35,10.53,30983700,7.47151
2014-07-16,10.80001,11.07,10.72,10.85,28309100,7.69856
2014-07-15,11.21,11.22001,10.70,10.88,46188400,7.71985
2014-07-14,11.02,11.36001,11.01001,11.28,31354900,8.00366
2014-07-11,11.06,11.24999,11.00,11.13,30666900,7.89723
2014-07-10,11.50001,11.70,10.84,11.20,63851300,7.9469
2014-07-09,12.01,12.05,11.58,11.61,65884300,8.23782
2014-07-08,12.10,12.70,11.85001,12.22999,92832400,8.67773
2014-07-07,11.83,12.12,11.59999,12.07,43755600,8.5642
2014-07-04,11.92001,12.48001,11.70,11.89,65092500,8.43649
2014-07-03,11.69,12.20001,11.31,12.12,70706200,8.54504
2014-07-02,12.01999,12.26,11.57001,11.84,57800400,8.34763
2014-07-01,11.79,12.45,11.51,12.10,73042300,8.53095
2014-06-30,12.01999,12.29,11.66999,11.89,61674500,8.38289
2014-06-27,11.50001,12.57,11.47,12.03,116243300,8.48159
2014-06-26,10.63,11.70,10.63,11.68,94801500,8.23483
2014-06-25,11.17999,11.20,10.54,10.64,62007600,7.50159
2014-06-24,11.10,11.55,11.01001,11.31999,75565100,7.98101
2014-06-23,10.80001,11.38999,10.68,11.19,78031600,7.88936
2014-06-20,10.67,11.03,10.46,10.89999,83460400,7.6849
2014-06-19,11.50001,11.79,10.42,10.82999,133759300,7.63554
2014-06-18,12.10,12.35,11.51,11.58,162045800,8.16433
2014-06-17,11.31999,11.85001,11.27,11.85001,114707700,8.35469
2014-06-16,9.96001,10.77,9.96001,10.77,39389100,7.59325
2014-06-13,9.23,10.16,9.19001,9.79,75628900,6.90231
2014-06-12,9.18,9.45,9.06,9.30,40113200,6.55684
2014-06-11,9.37,9.48,9.12001,9.21999,51706900,6.50043
2014-06-10,8.76,9.49,8.70001,9.45,61869700,6.6626
2014-06-09,9.04,9.26001,8.77001,8.79,34347600,6.19727
2014-06-06,9.32,9.54001,9.05001,9.14,35621200,6.44403
2014-06-05,8.90,9.42999,8.79999,9.32,40364400,6.57094
2014-06-04,9.10,9.18,8.82,8.99,29997500,6.33828
2014-06-03,9.03,9.49999,8.98001,9.09,42516800,6.40879
2014-06-02,9.14,9.14,9.14,9.14,000,6.44403
2014-05-30,8.95,9.44,8.75,9.14,48126600,6.44403
2014-05-29,8.93999,9.23,8.76,8.98001,57217200,6.33123
2014-05-28,8.34,9.18,8.28001,9.05001,71361900,6.38059
2014-05-27,8.36,8.79999,8.32,8.40,35035900,5.92231
2014-05-26,8.23999,8.48,8.16,8.40,35871900,5.92231
2014-05-23,7.87,8.34,7.86001,8.22,33082100,5.7954
2014-05-22,7.88999,7.93001,7.81999,7.86001,14040000,5.54159
2014-05-21,7.70,7.93001,7.65001,7.93001,15666400,5.59095
2014-05-20,7.64,7.72001,7.55,7.71,14436700,5.43583
2014-05-19,7.52,7.55,7.39,7.53999,8819700,5.31597
2014-05-16,7.50,7.57,7.36,7.56,11283800,5.33008
2014-05-15,7.88,7.91,7.49,7.53,16191000,5.30893
2014-05-14,7.90,7.94,7.81999,7.87,7016600,5.54864
2014-05-13,7.97,8.05,7.81,7.92,9718300,5.58389
2014-05-12,7.85,7.99,7.76,7.97,12328100,5.61915
2014-05-09,7.90,7.99,7.72001,7.74,14621600,5.45698
2014-05-08,7.90,8.16999,7.88,7.98,13042500,5.62619
2014-05-07,8.37,8.37,7.99,8.01,21475700,5.64735
2014-05-06,8.48,8.55,8.35001,8.37,24355700,5.90116
2014-05-05,8.26,8.50,8.18,8.49001,27194800,5.98577
2014-05-02,8.30999,8.30999,8.30999,8.30999,000,5.85885
2014-05-01,8.30999,8.30999,8.30999,8.30999,000,5.85885
2014-04-30,8.26,8.48,8.23,8.30999,33658500,5.85885
2014-04-29,7.94,8.27,7.90,8.25,31782900,5.81656
2014-04-28,8.11,8.18,7.80,8.00001,25472800,5.6403
2014-04-25,8.16999,8.37,8.05,8.20,31825300,5.7813
2014-04-24,8.30,8.39,7.99,8.20,31166600,5.7813
2014-04-23,8.18,8.51,8.16,8.34,26798800,5.88
2014-04-22,8.16999,8.23999,7.91,8.22,13137300,5.7954
2014-04-21,8.28001,8.43,8.15,8.19,14366500,5.77425
2014-04-18,8.13,8.36,8.13,8.34,15279000,5.88
2014-04-17,8.25,8.33,8.08,8.16,12966100,5.7531
2014-04-16,8.14001,8.23999,8.14001,8.19,6083000,5.77425
2014-04-15,8.19,8.33,8.12,8.16,12398700,5.7531
2014-04-14,8.05,8.26,7.97,8.22,14672400,5.7954
2014-04-11,8.16,8.20,7.95,8.02999,17645900,5.66144
2014-04-10,8.05,8.36,8.02,8.19,21007600,5.77425
2014-04-09,7.97,8.16999,7.95999,8.06,12571000,5.68259
2014-04-08,7.86001,8.06,7.80,7.97,18490200,5.61915
2014-04-07,7.91,7.91,7.91,7.91,000,5.57684
2014-04-04,7.79001,7.92,7.73,7.91,12159600,5.57684
2014-04-03,7.78,7.88999,7.67,7.81,8852900,5.50634
2014-04-02,8.01,8.07001,7.65001,7.74999,16504200,5.46403
2014-04-01,7.88,8.04,7.83,8.02,7371400,5.65439
2014-03-31,7.84,7.94,7.70,7.85,8676800,5.53454
2014-03-28,8.30,8.44,7.67999,7.86001,27594100,5.54159
2014-03-27,8.75,8.75,8.30,8.37,20062500,5.90116
2014-03-26,8.88,8.88,8.64,8.76,10884900,6.17612
2014-03-25,8.74,9.04,8.70001,8.79999,13368700,6.20432
2014-03-24,8.97,8.97,8.70001,8.79999,17051200,6.20432
2014-03-21,8.62,8.98001,8.40,8.98001,25477000,6.33123
2014-03-20,9.56,9.67,8.61,8.61,37356500,6.07037
2014-03-19,9.16,9.56999,9.11,9.56999,25930700,6.7472
2014-03-18,9.24,9.46,9.10,9.21,17421700,6.49339
2014-03-17,8.88,9.30,8.81,9.24,18675700,6.51454
2014-03-14,8.89,9.06,8.75,8.85,13719200,6.23958
2014-03-13,8.65999,8.99,8.65,8.95,17461800,6.31008
2014-03-12,8.76,8.93,8.28001,8.70001,27566800,6.13382
2014-03-11,9.66,9.79,8.46,8.69,50145900,6.12677
2014-03-10,9.60,9.82001,9.10,9.35,27019900,6.59209
2014-03-07,10.12,10.24001,9.56,9.69,28077900,6.83181
2014-03-06,10.30,10.47999,9.93,10.10001,20646400,7.12088
2014-03-05,10.28,10.50,10.05,10.30,35840300,7.26188
2014-03-04,9.56999,10.38001,9.49999,10.29,49733200,7.25483
2014-03-03,9.35,9.65,9.25,9.62,33563700,6.78245
2014-02-28,9.11,9.35999,8.81,9.34,40213600,6.58504
2014-02-27,9.03,9.21999,8.72999,8.83,25359400,6.22547
2014-02-26,8.54,8.84001,8.35001,8.83,24026800,6.22547
2014-02-25,9.17,9.42,8.26,8.57,42360300,6.04217
2014-02-24,8.99,9.23,8.65,9.17,32063400,6.46519
2014-02-21,8.95,9.31,8.92,9.09,26867200,6.40879
2014-02-20,9.09,9.34,8.96,9.00,32869700,6.34533
2014-02-19,9.42,9.68001,8.95,9.07999,42925800,6.40173
2014-02-18,9.60,9.73,9.25,9.41,37165700,6.6344
2014-02-17,8.72,9.58,8.72,9.58,57530700,6.75425
2014-02-14,8.46,8.88,8.46,8.71,28593200,6.14087
2014-02-13,8.62,8.88,8.40,8.47,33212200,5.97166
2014-02-12,8.64,8.89,8.44999,8.65,34574900,6.09857
2014-02-11,8.09999,8.93,8.08,8.63001,89006200,6.08447
2014-02-10,7.49,8.28001,7.49,8.19,88529600,5.77425
2014-02-07,7.36,7.53999,7.30001,7.53,24804000,5.30893
2014-02-06,7.39999,7.39999,7.39999,7.39999,000,5.21727
2014-02-05,7.39999,7.39999,7.39999,7.39999,000,5.21727
2014-02-03,7.39999,7.39999,7.39999,7.39999,000,5.21727
2014-01-31,7.39999,7.39999,7.39999,7.39999,000,5.21727
2014-01-30,7.44001,7.57,7.32999,7.39999,20115400,5.21727
2014-01-29,7.18999,7.50,7.08,7.46,30252600,5.25957
2014-01-28,7.00,7.31,6.97,7.22,31998900,5.09036
2014-01-27,6.85,7.30001,6.83,7.14,33496100,5.03396
2014-01-24,6.85,7.04,6.80,6.90999,16325100,4.8718
2014-01-23,6.74001,6.93,6.67001,6.83999,16840000,4.82245
2014-01-22,6.60001,6.76999,6.59,6.74001,11130600,4.75195
2014-01-21,6.43,6.64,6.41999,6.61,10575400,4.66029
2014-01-20,6.34999,6.46001,6.33,6.44,5722900,4.54044
2014-01-17,6.40,6.43,6.32001,6.38,5626400,4.49813
2014-01-16,6.50,6.54,6.41,6.41,8993600,4.51928
2014-01-15,6.34,6.65,6.33,6.53001,11963300,4.60389
2014-01-14,6.20999,6.36,6.19,6.34999,6124600,4.47698
2014-01-13,6.36,6.43,6.17,6.22,11194700,4.38533
2014-01-10,6.74001,6.74001,6.37,6.39001,14542600,4.50519
2014-01-09,6.83999,6.97,6.73,6.74001,18394000,4.75195
2014-01-08,6.80,6.93,6.74001,6.87,21153100,4.8436
2014-01-07,6.52,6.88001,6.52,6.83999,18197400,4.82245
2014-01-06,6.79,6.80,6.57,6.59,7608100,4.64619
2014-01-03,6.80,6.81001,6.65,6.73,7940000,4.74489
2014-01-02,6.71,6.83,6.71,6.82,6638100,4.80835
2014-01-01,6.75,6.75,6.75,6.75,000,4.759
2013-12-31,6.67001,6.76,6.61,6.75,7484800,4.759
2013-12-30,6.68,6.72,6.62999,6.64,7401800,4.68145
2013-12-27,6.55999,6.69,6.52,6.67001,7751400,4.7026
2013-12-26,6.79,6.80,6.55,6.55,6863400,4.61799
2013-12-25,6.67001,6.79,6.62999,6.78,5031600,4.78015
2013-12-24,6.57,6.71,6.57,6.66,5276800,4.69554
2013-12-23,6.62,6.68,6.45,6.57,5405300,4.63209
2013-12-20,6.83999,6.87,6.62,6.64,8948800,4.68145
2013-12-19,6.82,6.92,6.79,6.80,5681200,4.79425
2013-12-18,6.90,6.94,6.76999,6.85,8382700,4.8295
2013-12-17,6.95001,6.97999,6.85,6.92,7222600,4.87886
2013-12-16,7.17,7.20,6.93,6.96,10609100,4.90706
2013-12-13,7.18,7.23001,7.08,7.18,9260900,5.06216
2013-12-12,7.37001,7.42,7.24,7.25999,22830000,5.11856
2013-12-11,7.22,7.46,7.11999,7.43,32380000,5.23842
2013-12-10,7.32999,7.38,7.22,7.29,15079800,5.13971
2013-12-09,7.15,7.34,7.10,7.28,18673900,5.13267
2013-12-06,7.09001,7.24,7.07,7.14,8338100,5.03396
2013-12-05,7.14,7.14,7.00,7.11,10672800,5.01281
2013-12-04,6.80,7.17,6.76,7.11999,17561100,5.01986
2013-12-03,6.65,6.85,6.62999,6.82,8674200,4.80835
2013-12-02,7.04999,7.07,6.66,6.71,15572500,4.7308
2013-11-29,7.15,7.25999,7.11999,7.21,10709700,5.08331
2013-11-28,7.11,7.27,7.11,7.14,13287200,5.03396
2013-11-27,7.09001,7.16001,6.99,7.11,11187500,5.01281
2013-11-26,6.99,7.11,6.93,7.07,11747900,4.98461
2013-11-25,6.97,7.09001,6.93,6.99,9629400,4.92821
2013-11-22,7.13,7.15,6.97999,6.99,12594300,4.92821
2013-11-21,7.14,7.18,7.03,7.09001,9710800,4.99871
2013-11-20,7.17,7.20,7.08,7.15,16117600,5.04101
2013-11-19,7.10,7.20,7.03,7.17,14494900,5.05511
2013-11-18,6.90999,7.11999,6.89,7.11,16727200,5.01281
2013-11-15,6.74001,6.97,6.74001,6.90,12297200,4.86475
2013-11-14,6.62,6.78,6.57,6.75,6759500,4.759
2013-11-13,6.72,6.78,6.57,6.58,6341100,4.63914
2013-11-12,6.69,6.74001,6.62999,6.72,5533900,4.73785
2013-11-11,6.59,6.67001,6.51,6.64,5208900,4.68145
2013-11-08,6.74001,6.80,6.58,6.59,7787400,4.64619
2013-11-07,6.90999,6.90999,6.71,6.76,9791300,4.76605
2013-11-06,6.97,7.06,6.90,6.90999,12722400,4.8718
2013-11-05,6.90,7.04999,6.75,7.04,11469200,4.96346
2013-11-04,6.90999,7.00,6.89,6.93,6176700,4.8859
2013-11-01,6.96,6.97999,6.83999,6.90999,5898200,4.8718
2013-10-31,7.03,7.04999,6.90,6.96,7279100,4.90706
2013-10-30,6.90,7.09001,6.87,7.07,9541200,4.98461
2013-10-29,7.16001,7.25,6.61,6.86,16476500,4.83655
2013-10-28,7.25,7.32,7.10,7.15,9062600,5.04101
2013-10-25,7.46,7.52,7.20,7.25,12747200,5.11151
2013-10-24,7.46999,7.57,7.42,7.43,10542100,5.23842
2013-10-23,7.90,7.93001,7.42,7.46999,23959900,5.26662
2013-10-22,8.14001,8.22,7.85,7.93001,25641400,5.59095
2013-10-21,8.04,8.28001,8.04,8.18,28217900,5.7672
2013-10-18,7.70,8.04,7.70,7.99,18466000,5.63324
2013-10-17,7.81,7.91,7.70,7.76,12872800,5.47109
2013-10-16,8.06,8.09999,7.69,7.76,24024300,5.47109
2013-10-15,8.16999,8.16999,7.86001,7.99,38067300,5.63324
2013-10-14,8.19,8.37999,8.09999,8.22,30584800,5.7954
2013-10-11,8.29,8.37999,8.14001,8.26,28267300,5.8236
2013-10-10,8.33,8.64,8.21001,8.22,41511600,5.7954
2013-10-09,8.40,8.53,8.26,8.37,34734800,5.90116
2013-10-08,8.13,8.56001,8.06,8.50,47104900,5.99281
2013-10-07,8.13,8.13,8.13,8.13,000,5.73195
2013-10-04,8.13,8.13,8.13,8.13,000,5.73195
2013-10-03,8.13,8.13,8.13,8.13,000,5.73195
2013-10-02,8.13,8.13,8.13,8.13,000,5.73195
2013-10-01,8.13,8.13,8.13,8.13,000,5.73195
2013-09-30,8.05,8.21001,7.87,8.13,29530300,5.73195
2013-09-27,8.00001,8.12,7.76,7.90,19735500,5.56979
2013-09-26,7.90,8.22,7.83,7.93001,34313000,5.59095
2013-09-25,7.65001,8.18,7.58001,8.00001,45607900,5.6403
2013-09-24,7.70,7.88,7.65001,7.71,22386700,5.43583
2013-09-23,7.50,7.71,7.43,7.67999,15196300,5.41468
2013-09-20,7.46,7.46,7.46,7.46,000,5.25957
2013-09-18,7.45,7.53,7.35,7.46,12145700,5.25957
2013-09-17,7.56,7.70,7.41,7.45,15016400,5.25253
2013-09-16,7.77,7.77,7.55,7.60,15350100,5.35828
2013-09-13,7.53,7.78,7.42,7.77,19577300,5.47814
2013-09-12,7.60,7.74999,7.50,7.51001,18337800,5.29483
2013-09-11,7.85,7.97,7.53,7.65001,20675900,5.39354
2013-09-10,7.81999,8.09999,7.80,7.87,21125100,5.54864
2013-09-09,7.63,7.90,7.53999,7.81999,28998100,5.51338
2013-09-06,7.73,7.73,7.50,7.64,17999200,5.38648
2013-09-05,7.72001,7.88,7.59,7.74,18400600,5.45698
2013-09-04,7.55,7.86001,7.53,7.74,24577800,5.45698
2013-09-03,7.38,7.66,7.27,7.60999,23702300,5.36533
2013-09-02,7.27,7.44001,7.20,7.35,17791400,5.18202
2013-08-30,7.66,7.95,7.17,7.25,45676300,5.11151
2013-08-29,7.70,7.83,7.59,7.67999,21722100,5.41468
2013-08-28,8.09999,8.09999,7.74,7.77,35999300,5.47814
2013-08-27,8.04,8.28001,7.81999,8.22,41592100,5.7954
2013-08-26,7.95,8.11,7.88999,8.05,28702000,5.67555
2013-08-23,8.20,8.26,7.74999,7.95,45000800,5.60504
2013-08-22,8.16999,8.49001,8.12,8.20,53521800,5.7813
2013-08-21,7.98,8.50,7.84,8.23999,76927200,5.8095
2013-08-20,7.92,8.11,7.76,8.01,65084600,5.64735
2013-08-19,7.28,8.15,7.23001,8.00001,90356200,5.6403
2013-08-16,7.14,7.78,7.08,7.41,41921700,5.22432
2013-08-15,7.45,7.49,7.15,7.17,19136700,5.05511
2013-08-14,7.32999,7.55,7.24,7.37001,27380700,5.19612
2013-08-13,7.25999,7.37001,7.21,7.32999,15878700,5.16792
2013-08-12,7.29,7.32999,7.15,7.29,17229000,5.13971
2013-08-09,7.06,7.29,7.04,7.28,23011300,5.13267
2013-08-08,6.93,7.15,6.90999,7.02001,11793900,4.94936
2013-08-07,7.21,7.28,6.93,6.94,19821100,4.89295
2013-08-06,7.16001,7.35,7.16001,7.25999,20499000,5.11856
2013-08-05,7.16001,7.24,7.11999,7.18999,12129700,5.06921
2013-08-02,7.16001,7.35,7.10,7.17,31589400,5.05511
2013-08-01,6.81001,7.18,6.73,7.13,26836700,5.02691
2013-07-31,6.62999,6.85,6.62999,6.83999,15632200,4.82245
2013-07-30,6.83999,6.88001,6.48999,6.62,18913800,4.66734
2013-07-29,6.95001,7.07,6.81001,6.83,14293300,4.8154
2013-07-26,7.11999,7.24,6.89,7.08,18223600,4.99166
2013-07-25,7.48,7.51001,7.15,7.15,23550200,5.04101
2013-07-24,7.38,7.65001,7.31,7.51001,36342000,5.29483
2013-07-23,7.30001,7.38,7.17,7.34,23661900,5.17497
2013-07-22,6.89,7.29,6.83,7.28,22375500,5.13267
2013-07-19,7.14,7.35,6.95001,6.96,28602700,4.90706
2013-07-18,6.97,7.31,6.86,7.15,22125200,5.04101
2013-07-17,7.15,7.24,6.93,6.94,18587000,4.89295
2013-07-16,7.11,7.25,7.03,7.13,13692200,5.02691
2013-07-15,6.83,7.17,6.83,7.16001,18468300,5.04807
2013-07-12,6.90,7.04999,6.76,6.79,15808100,4.7872
2013-07-11,6.55999,7.04999,6.48999,7.00,28955800,4.93526
2013-07-10,6.47,6.58,6.39001,6.58,12914900,4.63914
2013-07-09,6.22,6.47,6.22,6.46001,9617900,4.55454
2013-07-08,6.27999,6.52,6.06,6.25001,14607100,4.40648
2013-07-05,6.31,6.53001,6.26,6.39001,17784900,4.50519
2013-07-04,6.18001,6.37,6.12,6.29,10639000,4.43468
2013-07-03,6.18001,6.34,5.98,6.27,11308900,4.42058
2013-07-02,6.19,6.36,6.18001,6.30,12645700,4.34303
2013-07-01,6.09,6.20,6.02,6.19,6717400,4.2672
2013-06-28,5.99999,6.17,5.85999,6.08,8304700,4.19137
2013-06-27,6.38,6.44,6.06,6.06999,13272000,4.18447
2013-06-26,6.25001,6.39001,6.13,6.36,12206000,4.38439
2013-06-25,6.39001,6.40,5.75,6.20999,15717500,4.28098
2013-06-24,6.52,6.54,5.95,6.32001,13833500,4.35682
2013-06-21,6.55,6.64,6.40,6.54,9822100,4.50848
2013-06-20,6.87,6.99,6.69999,6.73,8929300,4.63945
2013-06-19,7.00,7.00,6.80,6.99,9765100,4.81869
2013-06-18,6.89,7.11,6.76,7.07,14722600,4.87384
2013-06-17,6.90,6.97,6.83,6.86,8273400,4.72907
2013-06-14,6.72,6.94,6.72,6.88001,10126300,4.74286
2013-06-13,6.81001,6.83,6.55,6.71,10453500,4.62567
2013-06-12,6.95001,6.95001,6.95001,6.95001,000,4.79112
2013-06-11,6.95001,6.95001,6.95001,6.95001,000,4.79112
2013-06-10,6.95001,6.95001,6.95001,6.95001,000,4.79112
2013-06-07,7.24,7.29,6.92,6.95001,13082400,4.79112
2013-06-06,7.28,7.46999,7.20,7.21,14136800,4.97035
2013-06-05,7.31,7.37001,7.18,7.34,11605000,5.05997
2013-06-04,7.62,7.63,7.22,7.32,21009800,5.04618
2013-06-03,7.85,7.92,7.60,7.72001,18642300,5.32193
2013-05-31,7.70,8.08,7.70,7.78,38180400,5.36329
2013-05-30,7.67999,7.74,7.53999,7.57,15192300,5.21852
2013-05-29,7.64,7.71,7.56,7.69,17377300,5.30125
2013-05-28,7.88999,7.88999,7.53,7.63,31033200,5.25989
2013-05-27,8.02,8.09,7.76,7.88999,26256500,5.43912
2013-05-24,7.95,8.02999,7.76,7.95,23950700,5.48048
2013-05-23,7.66,8.18,7.60,7.79001,45466700,5.37019
2013-05-22,7.79001,7.85,7.51001,7.73,39372000,5.32883
2013-05-21,7.45,7.85,7.32,7.80,58780700,5.37708
2013-05-20,7.30001,7.45,7.17,7.18,33560600,4.94967
2013-05-17,7.04,7.20,6.90999,7.18999,32990400,4.95656
2013-05-16,6.97999,7.23001,6.94,7.09001,26378800,4.88763
2013-05-15,6.79,7.04999,6.75,7.04,20794800,4.85316
2013-05-14,6.94,7.02001,6.74001,6.79,19046800,4.68082
2013-05-13,6.75,7.06,6.61,7.02001,25354500,4.83938
2013-05-10,6.72,6.92,6.69999,6.78,15313200,4.67393
2013-05-09,6.66,6.80,6.60001,6.79,20141300,4.68082
2013-05-08,6.58,6.87,6.55999,6.71,26632800,4.62567
2013-05-07,6.59,6.74001,6.51,6.58,13587000,4.53605
2013-05-06,6.62999,6.76,6.48999,6.59,16726500,4.54294
2013-05-03,6.45,6.55,6.40,6.48999,13047500,4.474
2013-05-02,6.20,6.47,6.13999,6.41999,12261300,4.42575
2013-05-01,6.23,6.23,6.23,6.23,000,4.29477
2013-04-30,6.23,6.23,6.23,6.23,000,4.29477
2013-04-29,6.23,6.23,6.23,6.23,000,4.29477
2013-04-26,6.36,6.52,6.16,6.23,13297100,4.29477
2013-04-25,6.51,6.58,6.37,6.37,18079400,4.39128
2013-04-24,6.06,6.66,6.05,6.65,28745700,4.58431
2013-04-23,6.24,6.24,6.04001,6.05,6228000,4.17069
2013-04-22,6.20,6.24,6.16,6.24,6185500,4.30166
2013-04-19,6.13,6.26,6.13,6.22,7307300,4.28788
2013-04-18,6.08,6.20,6.06,6.13,3946400,4.22583
2013-04-17,6.01,6.18001,6.01,6.13999,6549000,4.23272
2013-04-16,5.89,5.99999,5.85,5.99,3457200,4.12932
2013-04-15,5.99999,5.99999,5.89,5.92,4004500,4.08106
2013-04-12,6.09,6.15,5.99999,6.03,3650100,4.15689
2013-04-11,6.15,6.25001,6.05,6.06,4916800,4.17758
2013-04-10,6.11001,6.18001,6.05,6.13999,4987400,4.23272
2013-04-09,6.04001,6.15,6.03,6.13,5313300,4.22583
2013-04-08,5.96,6.04001,5.88,6.03,3816400,4.15689
2013-04-05,6.03,6.03,6.03,6.03,000,4.15689
2013-04-04,6.03,6.03,6.03,6.03,000,4.15689
2013-04-03,6.04001,6.06999,5.96,6.03,4276800,4.15689
2013-04-02,6.13999,6.19,5.99999,6.04001,5568600,4.16379
2013-04-01,6.09,6.13999,6.05,6.13,4223500,4.22583
2013-03-29,6.06,6.16,5.99999,6.05,5415000,4.17069
2013-03-28,6.34999,6.34999,6.03,6.04001,10618800,4.16379
2013-03-27,6.41999,6.48999,6.34999,6.40,7488200,4.41196
2013-03-26,6.39001,6.44,6.31,6.41999,7532200,4.42575
2013-03-25,6.47,6.54,6.34999,6.38,7954200,4.39817
2013-03-22,6.45,6.55,6.44,6.48999,7214300,4.474
2013-03-21,6.41,6.55999,6.38,6.47,11527400,4.46022
2013-03-20,6.29,6.41999,6.27999,6.41,11125500,4.41886
2013-03-19,6.30,6.32001,6.18001,6.27999,6324300,4.32923
2013-03-18,6.31,6.34999,6.19,6.27,7462100,4.32234
2013-03-15,6.30,6.43,6.23,6.32001,10139000,4.35682
2013-03-14,6.38,6.45,6.23,6.27,12918000,4.32234
2013-03-13,6.57,6.60001,6.27999,6.39001,8426800,4.40507
2013-03-12,6.90999,6.95001,6.44,6.55999,16265900,4.52226
2013-03-11,6.89,7.00,6.85,6.93,7069500,4.77733
2013-03-08,6.95001,7.10,6.85,6.90,12168700,4.75665
2013-03-07,6.99,7.06,6.85,6.95001,13969700,4.79112
2013-03-06,6.83,7.16001,6.80,7.04999,24727200,4.86005
2013-03-05,6.62,6.81001,6.57,6.79,9800500,4.68082
2013-03-04,6.80,6.80,6.52,6.58,11330900,4.53605
2013-03-01,6.76,6.85,6.71,6.85,11151100,4.72218
2013-02-28,6.68,6.79,6.60001,6.78,8259100,4.67393
2013-02-27,6.66,6.76,6.55999,6.62,7515000,4.56362
2013-02-26,6.79,6.86,6.64,6.66,9827500,4.5912
2013-02-25,6.79,6.89,6.72,6.88001,9498600,4.74286
2013-02-22,6.89,6.93,6.75,6.78,10893500,4.67393
2013-02-21,6.99,7.13,6.82,6.94,19412400,4.78422
2013-02-20,7.00,7.04999,6.86,7.04,15778300,4.85316
2013-02-19,6.82,7.04,6.75,6.96,25047200,4.79801
2013-02-18,6.89,6.93,6.76999,6.78,10684500,4.67393
2013-02-15,6.79,6.79,6.79,6.79,000,4.68082
2013-02-14,6.79,6.79,6.79,6.79,000,4.68082
2013-02-13,6.79,6.79,6.79,6.79,000,4.68082
2013-02-12,6.79,6.79,6.79,6.79,000,4.68082
2013-02-11,6.79,6.79,6.79,6.79,000,4.68082
2013-02-08,6.68,6.83,6.66,6.79,8490000,4.68082
2013-02-07,6.59,6.74001,6.58,6.68,7723700,4.60499
2013-02-06,6.58,6.76,6.55999,6.64,9375700,4.57741
2013-02-05,6.60001,6.62,6.44,6.57,11717400,4.52916
2013-02-04,6.76999,6.80,6.62999,6.65,10716500,4.58431
2013-02-01,6.67001,6.83,6.62999,6.76999,11789200,4.66703
2013-01-31,6.83,6.83,6.66,6.69999,9719700,4.61877
2013-01-30,6.72,6.89,6.61,6.83999,17221500,4.71528
2013-01-29,6.71,6.75,6.65,6.69,10623300,4.61188
2013-01-28,6.55999,6.69,6.52,6.68,8269200,4.60499
2013-01-25,6.62999,6.66,6.52,6.55,6671800,4.51537
2013-01-24,6.83,6.93,6.55999,6.62,19621900,4.56362
2013-01-23,6.58,6.94,6.47,6.90999,19492400,4.76354
2013-01-22,6.74001,6.86,6.60001,6.61,13240100,4.55673
2013-01-21,6.78,6.78,6.67001,6.74001,9355600,4.64635
2013-01-18,6.67001,6.78,6.61,6.75,11009700,4.65324
2013-01-17,6.76999,6.90,6.65,6.67001,14755000,4.5981
2013-01-16,6.78,6.83,6.66,6.78,17208000,4.67393
2013-01-15,6.66,6.92,6.58,6.82,34767200,4.7015
2013-01-14,6.30,6.57,6.23,6.55999,20067500,4.52226
2013-01-11,6.53001,6.55,6.32001,6.34,16319700,4.3706
2013-01-10,6.48,6.64,6.43,6.54,22242800,4.50848
2013-01-09,6.32001,6.48999,6.32001,6.48,22209100,4.46711
2013-01-08,6.24,6.41999,6.15,6.36,16903900,4.38439
2013-01-07,6.13999,6.26,6.10,6.24,11634200,4.30166
2013-01-04,6.38,6.48,6.17,6.18001,21847300,4.26031
2013-01-03,6.34999,6.34999,6.34999,6.34999,000,4.37749
2013-01-02,6.34999,6.34999,6.34999,6.34999,000,4.37749
2013-01-01,6.34999,6.34999,6.34999,6.34999,000,4.37749
2012-12-31,6.30,6.39001,6.27999,6.34999,8214200,4.37749
2012-12-28,6.23,6.30,6.20999,6.29,8523900,4.33614
2012-12-27,6.47,6.52,6.25001,6.27,12203100,4.32234
2012-12-26,6.40,6.50,6.34999,6.46001,11359000,4.45333
2012-12-25,6.30,6.45,6.27,6.41999,13148000,4.42575
2012-12-24,6.24,6.31,6.19,6.30,6537100,4.34303
2012-12-21,6.20999,6.33,6.16,6.24,7861100,4.30166
2012-12-20,6.26,6.26,6.13,6.20999,7979900,4.28098
2012-12-19,6.25001,6.34,6.22,6.27,6802100,4.32234
2012-12-18,6.27,6.37,6.20999,6.27,9132200,4.32234
2012-12-17,6.40,6.40,6.24,6.31,13881600,4.34992
2012-12-14,5.91,6.37,5.88,6.34999,24451300,4.37749
2012-12-13,5.89,5.97001,5.84,5.91,6178000,4.07417
2012-12-12,5.98,6.02,5.82,5.92,7610000,4.08106
2012-12-11,6.08,6.08,5.94,5.98,10269600,4.12243
2012-12-10,6.02,6.13999,5.98,6.10,13201500,4.20515
2012-12-07,5.92999,6.04001,5.78999,6.02,14965300,4.15
2012-12-06,6.17,6.22,5.92,5.96,26499300,4.10864
2012-12-05,5.88,6.25001,5.83001,6.15,23423200,4.23962
2012-12-04,5.75,5.90001,5.59,5.88,18254300,4.05349
2012-12-03,5.84,5.90001,5.71999,5.76001,18723000,3.97077
2012-11-30,5.64,5.92,5.63,5.85999,21009500,4.0397
2012-11-29,5.47,5.87,5.42,5.70,13760300,3.92941
2012-11-28,5.39,5.57,5.26,5.45,7380700,3.75707
2012-11-27,5.66,5.71999,5.36,5.39,4346900,3.7157
2012-11-26,5.80,5.82,5.69001,5.70,2855100,3.92941
2012-11-23,5.75,5.89,5.74,5.83001,5098100,4.01903
2012-11-22,5.83001,5.84,5.73,5.76001,3481300,3.97077
2012-11-21,5.84,5.89,5.71,5.88,3810600,4.05349
2012-11-20,5.80,5.90001,5.71999,5.85999,5180800,4.0397
2012-11-19,5.73,5.81,5.69001,5.78999,2785700,3.99144
2012-11-16,5.80,5.80,5.67,5.78,4363500,3.98455
2012-11-15,5.92,5.95,5.78999,5.80,4021000,3.99834
2012-11-14,5.95,5.98,5.85999,5.98,3898000,4.12243
2012-11-13,6.05,6.05,5.92999,5.95,4303200,4.10175
2012-11-12,5.97001,6.06,5.97001,6.04001,2420700,4.16379
2012-11-09,5.96,6.09,5.92999,5.97001,2315500,4.11554
2012-11-08,6.13,6.13,5.95,5.96,5422600,4.10864
2012-11-07,6.19,6.19,6.11001,6.15,2610800,4.23962
2012-11-06,6.27999,6.29,6.08,6.18001,4469900,4.26031
2012-11-05,6.31,6.34,6.24,6.27999,3173200,4.32923
2012-11-02,6.26,6.36,6.20,6.33,5135500,4.36371
2012-11-01,6.13999,6.27,6.13,6.24,4404200,4.30166
2012-10-31,6.20,6.22,6.06,6.13,3603800,4.22583
2012-10-30,6.18001,6.23,6.13,6.18001,3140700,4.26031
2012-10-29,6.22,6.25001,6.13,6.16,3703100,4.24651
2012-10-26,6.52,6.52,6.20,6.23,7076500,4.29477
2012-10-25,6.55999,6.62999,6.51,6.52,5651000,4.49468
2012-10-24,6.48999,6.57,6.48,6.55999,3206100,4.52226
2012-10-23,6.58,6.62999,6.52,6.53001,4618700,4.50159
2012-10-22,6.50,6.62,6.46001,6.60001,6277700,4.54984
2012-10-19,6.65,6.68,6.45,6.54,13495800,4.50848
2012-10-18,6.58,6.71,6.55,6.69,5979500,4.61188
2012-10-17,6.55,6.60001,6.47,6.57,3757300,4.52916
2012-10-16,6.51,6.61,6.48999,6.54,4224200,4.50848
2012-10-15,6.64,6.66,6.43,6.51,4956900,4.48779
2012-10-12,6.75,6.81001,6.57,6.66,4975900,4.5912
2012-10-11,6.80,6.92,6.66,6.73,8258900,4.63945
2012-10-10,6.80,6.85,6.73,6.83999,6640000,4.71528
2012-10-09,6.52,6.90,6.51,6.85,11284000,4.72218
2012-10-08,6.48,6.55999,6.45,6.55,8023400,4.51537
2012-10-05,6.47,6.47,6.47,6.47,000,4.46022
2012-10-04,6.47,6.47,6.47,6.47,000,4.46022
2012-10-03,6.47,6.47,6.47,6.47,000,4.46022
2012-10-02,6.47,6.47,6.47,6.47,000,4.46022
2012-10-01,6.47,6.47,6.47,6.47,000,4.46022
2012-09-28,6.38,6.48999,6.34999,6.47,8649300,4.46022
2012-09-27,6.27999,6.51,6.27999,6.41,9427700,4.41886
2012-09-26,6.52,6.53001,6.30,6.32001,6870600,4.35682
2012-09-25,6.69,6.69,6.48999,6.53001,5741500,4.50159
2012-09-24,6.66,6.73,6.54,6.68,7356300,4.60499
2012-09-21,6.82,6.87,6.61,6.69,9271900,4.61188
2012-09-20,7.11999,7.11999,6.81001,6.81001,10981700,4.69461
2012-09-19,7.10,7.34,7.03,7.17,23392200,4.94278
2012-09-18,6.81001,6.95001,6.75,6.93,7541300,4.77733
2012-09-17,7.22,7.23001,6.80,6.81001,13798300,4.69461
2012-09-14,7.27,7.30001,7.16001,7.23001,7275300,4.98414
2012-09-13,7.29,7.36,7.20,7.21,9945200,4.97035
2012-09-12,7.39999,7.46,7.20,7.34,18057400,5.05997
2012-09-11,7.39,7.45,7.30001,7.38,9160900,5.08755
2012-09-10,7.34,7.49,7.32,7.43,11090400,5.12201
2012-09-07,7.20,7.45,7.14,7.38,18376500,5.08755
2012-09-06,7.04,7.20,6.90,7.18999,16186500,4.95656
2012-09-05,6.94,7.20,6.89,7.00,9336400,4.82558
2012-09-04,6.94,7.07,6.93,6.94,5170700,4.78422
2012-09-03,6.88001,6.99,6.85,6.94,4520500,4.78422
2012-08-31,6.95001,7.03,6.86,6.90999,5865700,4.76354
2012-08-30,6.89,7.06,6.83999,6.97999,6172400,4.81179
2012-08-29,7.02001,7.04999,6.81001,6.90,8233800,4.75665
2012-08-28,7.10,7.25999,7.07,7.18,3686400,4.94967
2012-08-27,7.25999,7.28,7.08,7.10,4817500,4.89452
2012-08-24,7.63,7.66,7.30001,7.32,5389000,5.04618
2012-08-23,7.53999,7.64,7.49,7.64,8221700,5.26678
2012-08-22,7.60,7.63,7.49,7.53999,3729500,5.19784
2012-08-21,7.42,7.65001,7.37001,7.58001,6070700,5.22542
2012-08-20,7.37001,7.44001,7.23001,7.42,2915500,5.11512
2012-08-17,7.38,7.45,7.32,7.43,2302900,5.12201
2012-08-16,7.39999,7.46,7.35,7.38,2040900,5.08755
2012-08-15,7.57,7.57,7.42,7.43,2868600,5.12201
2012-08-14,7.44001,7.60999,7.35,7.57,4380600,5.21852
2012-08-13,7.62,7.65001,7.41,7.44001,4206800,5.12891
2012-08-10,7.67999,7.81,7.66,7.67,3894500,5.28746
2012-08-09,7.69,7.79001,7.63,7.73,5099800,5.32883
2012-08-08,7.55,7.88,7.51001,7.71,13228100,5.31503
2012-08-07,7.46,7.59,7.42,7.58001,6404800,5.22542
2012-08-06,7.32,7.46999,7.23001,7.46999,5296500,5.14958
2012-08-03,7.23001,7.36,7.15,7.35,4023000,5.06686
2012-08-02,7.17,7.48,7.11999,7.24,6376700,4.99103
2012-08-01,7.04999,7.18999,7.04999,7.17,2450700,4.94278
2012-07-31,7.10,7.15,6.99,7.03,3195400,4.84627
2012-07-30,7.30001,7.36,7.07,7.08,4257700,4.88073
2012-07-27,7.28,7.36,7.24,7.30001,3104900,5.0324
2012-07-26,7.29,7.37001,7.22,7.24,2817900,4.99103
2012-07-25,7.38,7.44001,7.28,7.30001,2541700,5.0324
2012-07-24,7.30001,7.48,7.23001,7.41,3310600,5.10823
2012-07-23,7.52,7.52,7.20,7.37001,4277700,5.08066
2012-07-20,7.53,7.78,7.48,7.58001,6244500,5.22542
2012-07-19,7.41,7.62,7.39,7.52,4731000,5.18406
2012-07-18,7.36,7.46999,7.20,7.46,4582300,5.14269
2012-07-17,7.30001,7.42,7.29,7.39,4084800,5.09444
2012-07-16,8.05,8.07001,7.29,7.30001,11246200,5.0324
2012-07-13,8.16,8.22,8.04,8.05,3875400,5.54942
2012-07-12,8.07001,8.23,7.97,8.22,6421800,5.66662
2012-07-11,8.05,8.15,8.00001,8.11,3072200,5.59079
2012-07-10,8.02,8.16,7.93001,8.07001,4423100,5.56321
2012-07-09,8.20,8.23999,8.00001,8.07001,3936800,5.56321
2012-07-06,8.15,8.35001,7.93001,8.27,5105000,5.70108
2012-07-05,8.15,8.15,7.92,8.07001,5098500,5.56321
2012-07-04,8.23999,8.35001,8.16,8.18,3592000,5.63904
2012-07-03,8.25,8.36,8.16999,8.21001,5182900,5.65973
2012-07-02,8.25,8.30999,8.18,8.25,4512600,5.6873
2012-06-29,8.00001,8.26,7.92,8.20,5076500,5.65283
2012-06-28,8.42001,8.50,8.02,8.02,6804600,5.52874
2012-06-27,8.48,8.64,8.39,8.41,4686000,5.79759
2012-06-26,8.51,8.54,8.37,8.46,5091100,5.83207
2012-06-25,8.90,8.98001,8.48,8.51,6962300,5.86653
2012-06-22,8.95,8.95,8.95,8.95,000,6.16986
2012-06-21,9.20,9.25,8.93999,8.95,6893400,6.16986
2012-06-20,9.09,9.37,9.04,9.20,11196300,6.3422
2012-06-19,9.12001,9.14,9.00999,9.07,4514300,6.25258
2012-06-18,9.07999,9.14999,9.05001,9.14999,5755500,6.30772
2012-06-15,9.04,9.10,8.92,9.02,4289700,6.21811
2012-06-14,9.04,9.16,9.00,9.02,5788600,6.21811
2012-06-13,9.05001,9.14999,8.90,9.11,7181700,6.28015
2012-06-12,9.12001,9.12001,8.98001,9.00999,3271300,6.21121
2012-06-11,10.85001,11.15001,10.78001,11.08001,7976700,6.24778
2012-06-08,10.90002,10.98001,10.78001,10.85001,5883400,6.11809
2012-06-07,11.05001,11.09002,10.78001,10.82002,6174600,6.10118
2012-06-06,11.00002,11.15001,10.83002,10.90002,6561800,6.14629
2012-06-05,10.92002,11.16001,10.80002,11.04001,12543100,6.22523
2012-06-04,11.10002,11.24001,10.72002,10.79001,17130000,6.08425
2012-06-01,11.65001,11.74001,11.32001,11.37001,30740500,6.4113
2012-05-31,11.12002,11.88002,11.08001,11.77002,43509500,6.63686
2012-05-30,11.00002,11.25001,10.98001,11.16001,10581600,6.29289
2012-05-29,10.92002,11.20002,10.84001,11.08001,12819200,6.24778
2012-05-28,11.00002,11.00002,10.59001,10.89,12567200,6.14064
2012-05-25,11.34001,11.35001,11.04001,11.07001,12857900,6.24214
2012-05-24,11.25001,11.50002,10.99002,11.33001,23794500,6.38875
2012-05-23,11.30002,11.30002,10.98001,11.14001,11264600,6.28162
2012-05-22,11.23001,11.36001,11.14001,11.35001,20735500,6.40003
2012-05-21,10.96001,11.18002,10.73002,11.14001,9743400,6.28162
2012-05-18,10.92002,11.06001,10.84001,10.89,8225200,6.14064
2012-05-17,10.78001,11.07001,10.73002,11.04001,7754100,6.22523
2012-05-16,11.05001,11.13001,10.79001,10.80002,6887300,6.0899
2012-05-15,10.74001,11.15001,10.52002,11.13001,12757300,6.27598
2012-05-14,11.00002,11.10002,10.85001,10.89,7668500,6.14064
2012-05-11,11.10002,11.16001,10.86001,10.88001,7202200,6.135
2012-05-10,10.93001,11.35001,10.92002,11.07001,10430400,6.24214
2012-05-09,11.23001,11.23001,10.91002,10.93001,11679800,6.1632
2012-05-08,11.33001,11.33001,11.33001,11.33001,000,6.38875
2012-05-07,10.95001,11.38002,10.91002,11.33001,19227800,6.38875
2012-05-04,11.40002,11.69002,11.10002,11.14001,32954100,6.28162
2012-05-03,10.78001,10.96001,10.77001,10.93001,11099800,6.1632
2012-05-02,10.88001,10.94001,10.66001,10.86001,14701800,6.12373
2012-05-01,10.68001,10.68001,10.68001,10.68001,000,6.02223
2012-04-30,10.68001,10.68001,10.68001,10.68001,000,6.02223
2012-04-27,10.44002,10.76001,10.40001,10.68001,14986300,6.02223
2012-04-26,10.43002,10.56001,10.37001,10.45001,8460600,5.89254
2012-04-25,10.17001,10.45001,10.17001,10.39001,8244400,5.8587
2012-04-24,10.31,10.52002,9.97001,10.26001,11987200,5.7854
2012-04-23,10.70,10.78001,10.33002,10.42002,11598600,5.87563
2012-04-20,10.66001,10.79001,10.52002,10.72002,10342600,6.04479
2012-04-19,10.59001,10.71002,10.50001,10.66001,10142100,6.01095
2012-04-18,10.35001,10.66001,10.29001,10.60001,11647400,5.97712
2012-04-17,10.40001,10.75001,10.22,10.30001,15197900,5.80795
2012-04-16,10.40001,10.56001,10.32002,10.42002,8951900,5.87563
2012-04-13,10.45001,10.55001,10.35001,10.49001,10774800,5.91509
2012-04-12,10.20001,10.42002,10.18001,10.39001,10691100,5.8587
2012-04-11,10.00001,10.26001,9.90001,10.21001,7481100,5.7572
2012-04-10,9.83,10.18001,9.64,10.16001,8254700,5.72902
2012-04-09,10.20001,10.20001,9.86002,9.90001,7304200,5.5824
2012-04-06,10.07001,10.34002,10.02001,10.20001,8490300,5.75157
2012-04-05,9.76002,10.12,9.73001,10.10001,8874400,5.69518
2012-04-04,9.75002,9.75002,9.75002,9.75002,000,5.49783
2012-04-03,9.75002,9.75002,9.75002,9.75002,000,5.49783
2012-04-02,9.75002,9.75002,9.75002,9.75002,000,5.49783
2012-03-30,9.85002,9.85002,9.60001,9.75002,6282200,5.49783
2012-03-29,9.91001,10.05002,9.68001,9.71001,7244600,5.47527
2012-03-28,10.57001,10.57001,9.95002,9.97001,10337700,5.62188
2012-03-27,10.70,10.84001,10.57001,10.60001,6630200,5.97712
2012-03-26,10.69001,10.80002,10.53002,10.64002,6111200,5.99968
2012-03-23,11.12002,11.12002,10.72002,10.73002,12044100,6.05043
2012-03-22,11.30002,11.31002,11.04001,11.18002,8464800,6.30418
2012-03-21,11.42001,11.48002,11.00002,11.31002,11507400,6.37748
2012-03-20,11.51001,11.58002,11.12002,11.38002,24478000,6.41695
2012-03-19,11.39002,11.66002,11.21002,11.61001,27323700,6.54664
2012-03-16,11.01002,11.40002,11.00002,11.39002,27498400,6.42259
2012-03-15,11.17001,11.33001,10.81002,11.01002,23129700,6.20831
2012-03-14,11.93001,11.99002,11.07001,11.27001,37790600,6.35492
2012-03-13,11.80002,12.05002,11.77002,11.92001,26130900,6.72144
2012-03-12,11.55001,11.93001,11.41002,11.89002,25896700,6.70453
2012-03-09,11.42001,11.57002,11.34001,11.51001,16160000,6.49025
2012-03-08,11.30002,11.42001,11.23001,11.32001,12474400,6.38311
2012-03-07,11.29002,11.62001,11.20002,11.23001,20626500,6.33237
2012-03-06,11.12002,11.49002,11.00002,11.45001,32950000,6.45642
2012-03-05,11.25001,11.30002,11.15001,11.17001,11337200,6.29853
2012-03-02,11.05001,11.29002,11.00002,11.24001,14683000,6.338
2012-03-01,10.86001,11.14001,10.82002,11.01002,11558700,6.20831
2012-02-29,11.08001,11.16001,10.89,10.91002,14767100,6.15193
2012-02-28,11.21002,11.27001,10.94001,11.11002,20975900,6.2647
2012-02-27,11.29002,11.71001,11.27001,11.30002,33981100,6.37184
2012-02-24,11.30002,11.44001,11.12002,11.34001,22752400,6.39439
2012-02-23,11.19002,11.45001,11.02002,11.36001,35427500,6.40567
2012-02-22,10.73002,11.40002,10.70,11.31002,45811200,6.37748
2012-02-21,10.51002,10.84001,10.26001,10.82002,24821800,6.10118
2012-02-20,10.69001,10.88001,10.52002,10.53002,15370400,5.93765
2012-02-17,10.70,10.74001,10.38001,10.52002,12595000,5.93201
2012-02-16,10.51002,10.90002,10.47001,10.66001,25185800,6.01095
2012-02-15,10.29001,10.59001,10.26001,10.47001,21578800,5.90382
2012-02-14,10.40001,10.50001,10.19001,10.28001,11425500,5.79668
2012-02-13,10.05002,10.54002,9.98001,10.45001,18094100,5.89254
2012-02-10,10.16001,10.25002,10.06002,10.17001,12954300,5.73465
2012-02-09,10.05002,10.38001,10.01001,10.21001,20843800,5.7572
2012-02-08,9.75002,10.08001,9.67002,10.06002,13650400,5.67263
2012-02-07,9.90001,9.92001,9.67002,9.76002,10107800,5.50347
2012-02-06,9.80001,10.10001,9.75002,10.02001,19702200,5.65007
2012-02-03,9.50001,9.95002,9.46002,9.83,21483600,5.54293
2012-02-02,9.30001,9.58001,9.29001,9.55002,8671900,5.38505
2012-02-01,9.33001,9.49001,9.24001,9.35,6903800,5.27227
2012-01-31,9.45,9.49001,9.22001,9.44001,10406100,5.32302
2012-01-30,9.56002,9.63001,9.42001,9.54,7205600,5.37941
2012-01-27,9.56002,9.56002,9.56002,9.56002,000,5.39069
2012-01-26,9.56002,9.56002,9.56002,9.56002,000,5.39069
2012-01-25,9.56002,9.56002,9.56002,9.56002,000,5.39069
2012-01-24,9.56002,9.56002,9.56002,9.56002,000,5.39069
2012-01-23,9.56002,9.56002,9.56002,9.56002,000,5.39069
2012-01-20,9.45,9.60001,9.37002,9.56002,12410200,5.39069
2012-01-19,9.38002,9.47002,9.15001,9.41001,8783000,5.3061
2012-01-18,9.56002,9.82001,9.19001,9.35,15085300,5.27227
2012-01-17,9.04001,9.56002,9.04001,9.55002,14174500,5.38505
2012-01-16,9.06,9.20001,8.92001,9.02001,7931500,5.08619
2012-01-13,9.88001,9.89001,9.20001,9.25,25905400,5.21588
2012-01-12,10.01001,10.01001,10.01001,10.01001,000,5.64443
2012-01-11,9.92001,10.42002,9.85002,10.01001,36502500,5.64443
2012-01-10,9.57002,10.10001,9.49001,10.00001,20446000,5.63879
2012-01-09,9.21001,9.60001,9.08002,9.57002,15477600,5.39633
2012-01-06,9.06,9.28002,8.87,9.25,8907300,5.21588
2012-01-05,9.45,9.45,8.83001,9.06,15997900,5.10874
2012-01-04,9.95002,10.08001,9.45,9.53001,20391200,5.37377
2012-01-03,10.65001,10.74001,9.60001,10.14002,52204100,5.71774
2012-01-02,10.65001,10.74001,9.60001,10.14002,52204100,5.71774
2011-12-30,10.65001,10.74001,9.60001,10.14002,52204100,5.71774
2011-12-29,10.51002,10.75001,10.51002,10.58001,3780800,5.96584
2011-12-28,10.49001,10.70,10.23002,10.65001,4787700,6.00532
2011-12-27,10.80002,10.84001,10.42002,10.58001,7017300,5.96584
2011-12-26,11.11002,11.30002,10.95001,10.96001,10746200,6.18012
2011-12-23,10.66001,10.98001,10.66001,10.82002,6030700,6.10118
2011-12-22,10.86001,10.89,10.21001,10.80002,7399300,6.0899
2011-12-21,11.30002,11.38002,10.80002,10.92002,5774300,6.15756
2011-12-20,11.36001,11.51001,11.12002,11.21002,6014000,6.32109
2011-12-19,11.28002,11.46001,11.06001,11.41002,7269800,6.43386
2011-12-16,10.80002,11.28002,10.75001,11.27001,6102800,6.35492
2011-12-15,11.00002,11.20002,10.71002,10.79001,6905400,6.08425
2011-12-14,11.38002,11.53001,11.06001,11.10002,4748100,6.25906
2011-12-13,11.88002,11.98002,11.40002,11.44001,7765200,6.45078
2011-12-12,12.48001,12.48001,11.92001,11.97002,9243000,6.74964
2011-12-09,12.37002,12.59001,12.29001,12.51001,5641500,7.05413
2011-12-08,12.33001,12.64002,12.02001,12.45002,8334900,7.0203
2011-12-07,12.26002,12.48001,12.18002,12.35002,5648300,6.96391
2011-12-06,12.30001,12.40001,11.90001,12.24002,8558700,6.90189
2011-12-05,12.91002,12.98001,12.25002,12.33001,8327500,6.95263
2011-12-02,13.00001,13.22002,12.89001,12.98001,7796300,7.31915
2011-12-01,13.31002,13.40002,13.04002,13.05002,12979300,7.35863
2011-11-30,13.47001,13.47001,12.61001,12.94002,15928200,7.2966
2011-11-29,13.51002,13.62002,13.36001,13.52002,9441500,7.62365
2011-11-28,13.66001,13.79002,13.20002,13.36001,12596300,7.53343
2011-11-25,14.10002,14.35003,13.63002,13.71002,23118600,7.73079
2011-11-24,13.48001,14.00002,13.39002,13.91002,18496800,7.84356
2011-11-23,13.83002,13.95001,13.52002,13.58002,9419200,7.65749
2011-11-22,13.77001,13.99002,13.51002,13.81002,13227600,7.78718
2011-11-21,13.97002,14.05001,13.81002,13.90002,9100400,7.83792
2011-11-18,14.41001,14.42001,13.82002,13.88002,16019600,7.82665
2011-11-17,14.77002,14.97002,14.39002,14.57002,19102100,8.21572
2011-11-16,15.30001,15.75002,14.71001,14.80001,34965400,8.34541
2011-11-15,14.88002,15.17002,14.82001,15.15002,19024800,8.54277
2011-11-14,14.63001,14.94002,14.62001,14.90001,14993700,8.4018
2011-11-11,14.72001,14.75002,14.36002,14.44001,12995000,8.14241
2011-11-10,14.69002,15.10001,14.60002,14.63001,25897600,8.24955
2011-11-09,14.50002,14.86002,14.29002,14.82001,16924100,8.35669
2011-11-08,14.68002,14.91001,14.29002,14.49002,17571100,8.17061
2011-11-07,14.80001,14.93002,14.60002,14.72001,13460300,8.3003
2011-11-04,14.90001,15.01001,14.63001,14.80001,19790400,8.34541
2011-11-03,15.21001,15.77001,14.82001,14.85002,45172100,8.37361
2011-11-02,14.36002,15.43002,14.26002,15.17002,52125300,8.55405
2011-11-01,14.35003,14.85002,14.22001,14.59002,29118800,8.227
2011-10-31,14.20002,14.59002,14.10002,14.44001,23728100,8.14241
2011-10-28,14.35003,14.50002,14.11002,14.42001,23989100,8.13114
2011-10-27,14.07002,14.60002,14.03001,14.19002,26266000,8.00145
2011-10-26,14.06003,14.45002,13.98002,14.07002,29672800,7.93379
2011-10-25,13.65001,14.45002,13.50002,14.22001,43352900,8.01836
2011-10-24,13.50002,13.65001,12.56002,13.63002,22712300,7.68568
2011-10-21,13.34002,13.69002,13.31002,13.46001,18324900,7.58981
2011-10-20,13.73002,13.79002,13.00001,13.30002,17344400,7.4996
2011-10-19,13.57001,13.95001,13.41002,13.77001,25206400,7.76461
2011-10-18,13.58002,14.26002,13.58002,13.78002,57734600,7.77026
2011-10-17,12.60001,13.40002,12.48001,13.37001,19126400,7.53906
2011-10-14,13.04002,13.06001,12.43002,12.52001,14345300,7.05976
2011-10-13,13.09001,13.25001,12.90001,13.04002,11294300,7.35299
2011-10-12,12.60001,13.12002,12.52001,13.10002,10670500,7.38682
2011-10-11,13.40002,13.53002,12.51001,12.68001,8592400,7.14999
2011-10-10,13.32002,13.47001,13.08001,13.17001,6103200,7.42629
2011-09-30,13.03002,13.28001,12.70001,13.26001,8431700,7.47704
2011-09-29,13.08001,13.30002,13.00001,13.07001,9898700,7.3699
2011-09-28,13.38001,13.44002,13.09001,13.10002,5820700,7.38682
2011-09-27,13.20002,13.44002,13.14002,13.34002,10684300,7.52215
2011-09-26,12.92002,13.26001,12.92002,13.05002,5995800,7.35863
2011-09-23,12.60001,13.10002,12.56002,13.02002,7637500,7.34171
2011-09-22,13.01002,13.15002,12.76002,12.78001,5794200,7.20638
2011-09-21,12.75002,13.23002,12.73002,13.15002,6323400,7.41501
2011-09-20,12.65002,12.82002,12.54002,12.71001,1913100,7.1669
2011-09-19,12.71001,12.78001,12.58001,12.66002,2249500,7.13871
2011-09-16,12.75002,12.85002,12.75002,12.77001,2484100,7.20074
2011-09-15,12.75002,12.84002,12.70001,12.71001,3671800,7.1669
2011-09-14,12.64002,12.75002,12.40001,12.73002,4092200,7.17819
2011-09-13,12.80001,12.80001,12.56002,12.59001,3110600,7.09924
2011-09-09,13.12002,13.25001,12.89001,12.96001,4005900,7.30788
2011-09-08,13.17001,13.27001,13.00001,13.11002,4806300,7.39246
2011-09-07,12.90001,13.19001,12.85002,13.14002,5465700,7.40938
2011-09-06,12.71001,12.87001,12.71001,12.83002,2322800,7.23458
2011-09-05,13.13002,13.13002,12.75002,12.80001,5504400,7.21765
2011-09-02,13.49002,13.51002,13.13002,13.31002,4850400,7.50524
2011-09-01,13.40002,13.64001,13.38001,13.50002,5453100,7.61237
2011-08-31,13.54001,13.61002,13.22002,13.44002,4720000,7.57854
2011-08-30,13.58002,13.85001,13.42002,13.50002,11604900,7.61237
2011-08-29,13.33002,13.56001,13.12002,13.41002,6160000,7.56162
2011-08-26,13.38001,13.45001,13.25001,13.38001,4119000,7.5447
2011-08-25,13.11002,13.45001,13.09001,13.41002,6009100,7.56162
2011-08-24,13.21002,13.26001,13.03002,13.09001,6418800,7.38118
2011-08-23,13.00001,13.19001,12.95002,13.12002,4261700,7.3981
2011-08-22,12.75002,13.03002,12.75002,12.90001,4116000,7.27404
2011-08-19,12.80001,12.90001,12.66002,12.86002,6630600,7.25149
2011-08-18,13.42002,13.59002,13.09001,13.10002,5577000,7.38682
2011-08-17,13.45001,13.74001,13.45001,13.50002,4264600,7.61237
2011-08-16,13.88002,13.90002,13.58002,13.61002,6821900,7.6744
2011-08-15,13.52002,13.86001,13.30002,13.72002,10315800,7.73643
2011-08-12,13.45001,14.09002,13.32002,13.54001,21447800,7.63493
2011-08-11,12.85002,13.23002,12.72002,13.22002,7643300,7.45449
2011-08-10,13.33002,13.45001,13.09001,13.12002,7280100,7.3981
2011-08-09,13.00001,13.28001,12.46002,13.10002,10848100,7.38682
2011-08-08,14.00002,14.18002,12.95002,13.47001,8417900,7.59545
2011-08-05,14.79002,14.79002,14.29002,14.30002,6897500,8.06347
2011-08-04,14.98002,15.13002,14.90001,14.94002,4372900,8.42436
2011-08-03,14.73001,15.06002,14.67002,14.94002,3713100,8.42436
2011-08-02,14.80001,15.02003,14.68002,14.94002,7181200,8.42436
2011-08-01,14.52001,14.83003,14.51001,14.80001,4468500,8.34541
2011-07-29,14.80001,14.94002,14.50002,14.55002,4835300,8.20445
2011-07-28,15.00001,15.08002,14.52001,14.78002,7706600,8.33414
2011-07-27,15.08002,15.28001,14.85002,15.22003,6473400,8.58225
2011-07-26,14.97002,15.33002,14.93002,15.08002,5647400,8.5033
2011-07-25,15.38001,15.38001,14.96002,15.03002,10619900,8.47511
2011-07-22,15.60003,15.90002,15.37002,15.49001,9842100,8.73449
2011-07-21,15.76002,15.83002,15.31003,15.31003,8249900,8.633
2011-07-20,15.80002,15.96001,15.36002,15.90002,8320400,8.96568
2011-07-19,15.64002,15.74002,15.33002,15.57001,6596500,8.7796
2011-07-18,16.05002,16.48002,15.54002,15.72002,20786800,8.86418
2011-07-15,15.45002,16.12002,15.40001,15.89003,15500500,8.96005
2011-07-14,15.42002,15.64002,15.38001,15.50003,9276700,8.74013
2011-07-13,14.93002,15.56002,14.87002,15.49001,19236200,8.73449
2011-07-12,14.86002,15.24002,14.81001,14.90001,9220100,8.4018
2011-07-11,14.85002,15.09001,14.78002,15.02003,4897900,8.46947
2011-07-08,15.12003,15.17002,14.80001,14.90001,6548900,8.4018
2011-07-07,15.16002,15.40001,15.01001,15.12003,11870500,8.52586
2011-07-06,14.93002,15.36002,14.85002,15.23002,11440000,8.58789
2011-07-05,15.10001,15.21001,14.93002,15.07002,8032600,8.49766
2011-07-04,14.91001,15.10001,14.82001,15.09001,8810600,8.50894
2011-07-01,14.99002,15.20001,14.80001,14.86002,6270300,8.37925
2011-06-30,14.55002,15.06002,14.41001,14.96002,14142100,8.43564
2011-06-29,14.62001,14.97002,14.38002,14.40002,7123000,8.11986
2011-06-28,14.80001,15.08002,14.64002,14.73001,11135900,8.30594
2011-06-27,14.70001,14.77002,14.48002,14.65002,8134300,8.26084
2011-06-24,14.19002,14.83003,14.15001,14.67002,11933600,8.27211
2011-06-23,13.91002,14.34001,13.76001,14.23001,6373700,8.024
2011-06-22,13.96001,14.09002,13.82002,13.91002,3379600,7.84356
2011-06-21,13.75001,14.07002,13.75001,14.01002,4987100,7.89995
2011-06-20,13.43002,13.88002,13.41002,13.72002,6362500,7.73643
2011-06-17,13.66001,13.79002,13.42002,13.46001,3928600,7.58981
2011-06-16,14.16002,14.20002,13.70002,13.70002,7077600,7.72515
2011-06-15,14.61001,14.70001,14.27002,14.29002,7962600,8.05784
2011-06-14,14.41001,14.80001,14.41001,14.65002,10954800,8.26084
2011-06-13,14.26002,14.59002,14.13001,14.56002,9713100,8.21009
2011-06-10,14.06003,14.39002,13.98002,14.38002,7108500,8.10859
2011-06-09,14.33001,14.43001,13.97002,14.01002,7958500,7.89995
2011-06-08,14.40002,14.52001,14.07002,14.41001,8751300,8.1255
2011-06-07,14.40002,14.50002,14.23001,14.43001,5322200,8.13678
2011-06-03,14.15001,14.42001,13.93001,14.40002,7904900,8.11986
2011-06-02,14.02002,14.59002,13.90002,14.22001,12068500,8.01836
2011-06-01,13.63002,14.32001,13.63002,14.22001,12706100,8.01836
2011-05-31,13.30002,13.62002,13.18001,13.60002,4182100,7.66876
2011-05-30,13.56001,13.60002,13.15002,13.19001,4712200,7.43756
2011-05-27,13.83002,14.04001,13.61002,13.65001,5627200,7.69695
2011-05-26,13.80002,14.09002,13.78002,13.84001,6066000,7.80409
2011-05-25,13.71002,13.80002,13.56001,13.74001,4041400,7.7477
2011-05-24,13.80002,13.84001,13.35001,13.70002,6414200,7.72515
2011-05-23,14.34001,14.47002,13.80002,13.82002,7185400,7.79281
2011-05-20,14.80001,14.90001,14.37002,14.47002,6545400,8.15934
2011-05-19,15.17002,15.19001,14.72001,14.73001,6717300,8.30594
2011-05-18,15.10001,15.18002,14.91001,15.14002,7370900,8.53714
2011-05-17,15.08002,15.24002,14.72001,14.99002,7518900,8.45255
2011-05-16,14.90001,15.25002,14.83003,14.94002,9908100,8.42436
2011-05-13,14.72001,14.94002,14.56002,14.92001,7473100,8.41308
2011-05-12,14.70001,14.97002,14.50002,14.53001,7129800,8.19316
2011-05-11,14.62001,15.10001,14.46002,14.86002,11051400,8.37925
2011-05-10,14.62001,14.64002,14.36002,14.59002,5898200,8.227
2011-05-06,14.01002,14.82001,13.90002,14.63001,11057600,8.24955
2011-05-05,14.04001,14.29002,14.01002,14.19002,4706200,8.00145
2011-05-04,14.60002,14.61001,13.98002,14.04001,7916800,7.91686
2011-05-03,14.38002,14.68002,14.38002,14.67002,5597200,8.27211
2011-04-29,14.20002,14.44001,14.10002,14.38002,5879400,8.10859
2011-04-28,14.89002,14.95002,14.18002,14.19002,8716200,8.00145
2011-04-27,15.80002,15.88001,14.63001,14.82001,12742400,8.35669
2011-04-26,15.66002,15.95002,15.51003,15.78001,8722000,8.78431
2011-04-25,16.38003,16.39002,15.68001,15.70002,16351600,8.73978
2011-04-22,17.24003,17.24003,16.46003,16.54001,19703900,9.20738
2011-04-21,17.12996,17.35009,16.81002,17.24003,24752500,9.59706
2011-04-20,16.58002,17.10997,16.38003,17.00007,24499900,9.46348
2011-04-19,16.50002,16.78002,16.20002,16.61002,16171800,9.24635
2011-04-18,16.52002,16.76003,16.33002,16.66003,15181900,9.27419
2011-04-15,16.59002,16.67003,16.28003,16.61002,15650800,9.24635
2011-04-14,17.18995,17.18995,16.64001,16.67003,21828500,9.27976
2011-04-13,17.00007,17.49007,16.88009,17.12996,31820000,9.53579
2011-04-12,16.50002,17.33009,16.50002,17.30002,67708300,9.63045
2011-04-11,15.81002,16.14002,15.60003,16.11002,17370700,8.96802
2011-04-07,15.78001,15.93002,15.55002,15.61002,7311100,8.68968
2011-04-06,15.61002,15.90002,15.49001,15.79003,10495400,8.78988
2011-04-01,15.44002,15.67001,15.37002,15.66002,8359200,8.71751
2011-03-31,15.55002,15.74002,15.34002,15.45002,7132800,8.60061
2011-03-30,15.61002,15.68001,15.40001,15.48001,9939600,8.61731
2011-03-29,16.11002,16.22002,15.60003,15.64002,15183700,8.70638
2011-03-28,16.45001,16.64001,16.08003,16.20002,18224800,9.01812
2011-03-25,16.55001,16.64001,16.35001,16.44001,18124700,9.15171
2011-03-24,16.46003,16.60002,16.25001,16.52002,20368500,9.19625
2011-03-23,15.88001,16.58002,15.88001,16.43002,23286500,9.14615
2011-03-22,16.03002,16.05002,15.70002,15.85002,8643100,8.82328
2011-03-21,15.62002,16.10002,15.51003,16.04002,15352900,8.92905
2011-03-18,15.55002,15.76002,15.41003,15.65002,8698500,8.71194
2011-03-17,15.85002,15.90002,15.36002,15.44002,14059400,8.59504
2011-03-16,15.86001,16.13002,15.73002,16.03002,11202600,8.92348
2011-03-15,16.28003,16.28003,15.55002,15.81002,14940000,8.80102
2011-03-14,16.11002,16.45001,15.99003,16.32002,14164300,9.08492
2011-03-11,16.50002,16.61002,16.15002,16.22002,20663600,9.02925
2011-03-10,16.33002,16.85001,16.30002,16.66003,35396800,9.27419
2011-03-09,16.33002,16.43002,16.11002,16.28003,13416200,9.06265
2011-03-08,16.01002,16.34001,15.85002,16.27003,17211900,9.05709
2011-03-07,15.70002,16.00002,15.68001,15.99003,12985300,8.90122
2011-03-04,15.46002,15.70002,15.31003,15.62002,9858200,8.69525
2011-03-03,15.96001,16.17001,15.40001,15.47001,16847000,8.61174
2011-03-02,16.00002,16.13002,15.70002,15.93002,14484100,8.86781
2011-03-01,16.42002,16.57003,16.04002,16.26001,21962500,9.05151
2011-02-25,16.19002,16.55001,16.05002,16.43002,22847300,9.14615
2011-02-24,16.02002,16.20002,15.82002,16.19002,13939900,9.01255
2011-02-23,15.80002,16.16001,15.56002,16.01002,15724300,8.91235
2011-02-22,16.55001,16.74001,15.93002,15.96001,22752800,8.88451
2011-02-21,16.07001,16.65001,15.98003,16.63001,22847900,9.25748
2011-02-18,16.15002,16.37003,15.86001,16.02002,15832600,8.91792
2011-02-17,16.05002,16.34001,15.88001,16.27003,20536700,9.05709
2011-02-16,15.81002,16.16001,15.72002,16.11002,21285500,8.96802
2011-02-15,15.51003,16.65001,15.20001,16.04002,37626500,8.92905
2011-02-14,15.55002,15.80002,15.34002,15.57001,20006200,8.66741
2011-02-11,15.42002,15.45002,15.16002,15.30001,15130100,8.51711
2011-02-10,15.08002,15.59001,15.08002,15.40001,22829400,8.57277
2011-02-09,14.38002,15.22003,14.30002,14.94002,21673000,8.31671
2011-02-01,14.69002,14.75002,14.36002,14.52001,11783300,8.0829
2011-01-31,14.67002,14.67002,14.19002,14.64002,16024100,8.14971
2011-01-28,14.50002,14.73001,14.37002,14.67002,8348300,8.16641
2011-01-27,14.23001,14.69002,14.09002,14.55002,11405900,8.09961
2011-01-26,14.15001,14.58002,14.07002,14.37002,11046000,7.99941
2011-01-25,13.95001,14.26002,13.78002,14.09002,7790000,7.84354
2011-01-24,14.15001,14.35003,13.68002,13.91002,11540700,7.74333
2011-01-21,14.00002,14.30002,13.83002,14.06003,13635200,7.82684
2011-01-20,15.69001,15.69001,14.16002,14.16002,29474800,7.8825
2011-01-19,15.27002,15.75002,15.15002,15.73002,11145400,8.75648
2011-01-18,15.20001,15.45002,15.12003,15.36002,4122900,8.55051
2011-01-17,15.47001,15.74002,15.09001,15.21001,9088600,8.467
2011-01-14,16.30002,16.30002,15.61002,15.62002,12989500,8.69525
2011-01-13,16.65001,17.14996,16.42002,16.45001,14718900,9.15728
2011-01-12,16.35001,16.40002,16.07001,16.33002,12367900,9.09048
2011-01-11,16.63001,16.72002,16.09002,16.27003,10758100,9.05709
2011-01-10,17.67995,17.69003,16.49002,16.74001,16142800,9.31872
2011-01-07,17.90999,18.31009,17.57997,17.65004,10984000,9.8253
2011-01-06,18.14995,18.14995,17.79993,17.79993,8816800,9.90874
2011-01-05,17.77993,18.45007,17.55997,18.2901,19029900,10.1816
2011-01-04,17.96007,17.98007,17.39008,17.90008,15282600,9.96449
2010-12-31,17.40,17.89,17.38,17.83001,9696900,9.92549
2010-12-30,17.49007,17.57005,17.35009,17.45999,8173600,9.71951
2010-12-29,16.88009,17.45999,16.88009,17.43999,7896300,9.70838
2010-12-28,17.00007,17.26002,16.71002,16.96008,9340800,9.44122
2010-12-27,17.92999,18.21011,16.93,16.98999,13862600,9.45787
2010-12-24,18.08005,18.18003,17.65995,17.83001,9979000,9.92549
2010-12-23,18.65003,18.78009,18.14995,18.16004,13649100,10.1092
2010-12-22,19.08996,19.14995,18.68011,18.73002,11772700,10.4265
2010-12-21,19.10995,19.18002,18.63995,19.06996,12053000,10.61574
2010-12-20,19.75001,19.94006,18.51006,19.02997,20294400,10.59347
2010-12-17,20.02996,20.02996,19.51005,19.75001,11421900,10.9943
2010-12-16,19.94998,20.45006,19.92006,20.04996,15677100,11.16127
2010-12-15,20.25009,20.30,19.7401,19.88999,17113200,11.07222
2010-12-14,20.04996,20.88007,20.04996,20.1901,28999300,11.23929
2010-12-13,19.90998,20.00005,19.61995,19.98005,26257000,11.12236
2010-12-10,18.59996,19.90007,18.47998,19.65003,25270300,10.93864
2010-12-09,18.77001,19.27009,18.32001,18.88008,14754100,10.51003
2010-12-08,18.80009,19.28001,18.71002,18.90999,13099300,10.52668
2010-12-07,18.38,18.88008,18.00006,18.78009,10402700,10.45437
2010-12-06,18.85,18.85,18.19011,18.51997,10399400,10.30957
2010-12-03,19.00006,19.29009,18.55997,18.69003,12309100,10.40424
2010-12-02,19.45006,19.51005,19.00997,19.02997,14489500,10.59347
2010-12-01,19.10004,19.43998,18.98997,19.10004,12518700,10.63248
2010-11-30,19.06996,19.98005,18.59996,19.41007,25579100,10.80506
2010-11-29,19.65003,19.65003,19.00006,19.24001,16852200,10.7104
2010-11-26,20.00996,20.02005,19.32,19.63003,25691500,10.92751
2010-11-25,20.55004,21.20001,20.25009,20.31008,41402600,11.30608
2010-11-24,19.00006,20.33008,19.00006,20.04996,22551100,11.16127
2010-11-23,19.81,19.94998,18.49998,19.57995,29339300,10.89964
2010-11-22,19.71002,20.98005,19.51005,20.1701,49794300,11.22816
2010-11-19,18.53005,19.92006,18.20003,19.88999,46843400,11.07222
2010-11-18,18.28001,18.59996,18.04997,18.30001,16813100,10.18712
2010-11-17,17.75002,18.57005,17.59996,18.14004,26002000,10.09807
2010-11-16,20.00005,20.00005,17.98007,18.06997,40929100,10.05906
2010-11-15,19.59995,20.08004,19.18002,19.98005,26652100,11.12236
2010-11-12,21.80007,21.98004,19.86007,19.86007,65059800,11.05557
2010-11-11,22.31007,23.12001,21.80999,22.07011,60405000,12.28584
2010-11-10,21.96005,22.45004,21.80007,22.29007,29359300,12.40828
2010-11-09,22.19009,22.41997,21.80007,22.07011,31303800,12.28584
2010-11-08,22.31007,23.00003,21.90006,22.41997,43499500,12.48059
2010-11-05,22.47004,23.80006,21.92997,22.1101,64469900,12.3081
2010-11-04,20.80008,22.37997,20.71001,22.25008,54727000,12.38602
2010-11-03,20.98996,21.80999,20.73001,20.90998,38097500,11.64002
2010-11-02,22.20,22.56011,21.20001,21.27008,66274400,11.84048
2010-11-01,21.94996,23.35006,21.80999,22.71,67108400,12.64205
2010-10-29,21.31999,23.45995,20.55995,21.76008,59032400,12.11325
2010-10-28,21.31999,21.65002,20.55995,21.51004,47880300,11.97406
2010-10-27,21.59994,22.80007,21.18001,21.35998,84849500,11.89053
2010-10-26,21.49004,22.23008,21.00004,22.23008,138428000,12.37489
2010-10-25,20.2101,20.2101,20.11012,20.2101,51919100,11.25042
2010-10-22,17.39008,18.90007,17.18004,18.37008,48333400,10.22613
2010-10-21,17.45007,17.47007,16.90008,17.22003,24917400,9.58593
2010-10-20,16.01002,17.63996,16.00002,17.26994,46588500,9.61371
2010-10-19,15.84002,16.86009,15.82002,16.37003,29191800,9.11275
2010-10-18,16.35001,16.35001,15.10001,15.36002,24954500,8.55051
2010-10-15,15.82002,16.63001,15.82002,16.40002,31622900,9.12945
2010-10-14,16.41002,16.42002,15.78001,15.99003,36559100,8.90122
2010-10-13,16.78002,17.38,16.39002,16.65001,75103200,9.26861
2010-10-12,15.29001,16.78002,15.29001,16.78002,51147100,9.34099
2010-10-11,15.66002,15.83002,14.92001,15.25002,30978700,8.48928
2010-10-08,15.22003,15.55002,15.20001,15.33002,15118300,8.53381
2010-09-30,15.10001,15.44002,14.90001,15.16002,16494200,8.43918
2010-09-29,16.14002,16.14002,15.20001,15.23002,20543300,8.47815
2010-09-28,16.02002,16.17001,15.75002,16.08003,18926200,8.95132
2010-09-27,15.52002,16.07001,15.26002,16.02002,22058100,8.91792
2010-09-21,15.39001,15.67001,15.08002,15.43002,16082200,8.58948
2010-09-20,15.72002,15.72002,15.72002,15.72002,000,8.75091
2010-09-17,15.69001,15.93002,15.21001,15.72002,18193400,8.75091
2010-09-16,15.86001,16.10002,15.02003,15.78001,27762300,8.78431
2010-09-15,15.73002,16.14002,15.41003,15.72002,29038200,8.75091
2010-09-14,16.30002,16.69002,15.60003,15.79003,39850100,8.78988
2010-09-13,16.20002,16.8201,16.02002,16.25001,45895900,9.04595
2010-09-10,16.20002,16.63001,15.95002,16.20002,55879300,9.01812
2010-09-09,15.60003,16.96999,15.40001,16.19002,105242400,9.01255
2010-09-08,15.11001,15.80002,14.81001,15.43002,45484400,8.58948
2010-09-07,15.36002,15.97001,14.73001,15.22003,76826800,8.47258
2010-09-06,15.03002,15.07002,14.47002,15.07002,26401700,8.38907
2010-09-03,13.70002,13.70002,13.70002,13.70002,000,7.62643
2010-09-02,13.06001,13.80002,12.93002,13.70002,47475800,7.62643
2010-09-01,12.72002,13.38001,12.66002,12.92002,34536600,7.19223
2010-08-31,12.46002,12.69001,12.26002,12.56002,15443100,6.99182
2010-08-30,12.13001,12.52001,12.12001,12.49001,13475900,6.95285
2010-08-27,11.87002,12.07002,11.83001,12.07002,8812800,6.71905
2010-08-26,11.92001,12.05002,11.85001,11.90001,7875800,6.62442
2010-08-25,12.28002,12.36002,11.85001,11.87002,11420500,6.60772
2010-08-24,12.32001,12.48001,12.08002,12.42001,11374300,6.91388
2010-08-23,12.54002,12.65002,12.20001,12.33001,16535500,6.86378
2010-08-20,12.90001,12.90001,12.45002,12.60001,15960000,7.01409
2010-08-19,12.93002,13.07001,12.71001,12.94002,18717100,7.20336
2010-08-18,13.25001,13.25001,12.86002,13.00001,15378000,7.23676
2010-08-17,12.98001,13.27001,12.85002,13.18001,17216900,7.33696
2010-08-16,12.57002,13.07001,12.51001,13.01002,14414600,7.24233
2010-08-13,12.43002,12.66002,12.37002,12.64002,9461100,7.03636
2010-08-12,12.42001,12.81001,12.36002,12.40001,13063100,6.90275
2010-08-11,12.45002,12.71001,12.40001,12.66002,13292700,7.04749
2010-08-10,13.44002,13.44002,12.50001,12.52001,20984000,6.96955
2010-08-09,13.18001,13.50002,13.08001,13.48001,21349200,7.50396
2010-08-06,12.71001,13.24002,12.71001,13.17001,28049500,7.33139
2010-08-05,12.75002,12.99001,12.53002,12.80001,16595900,7.12542
2010-08-04,12.69001,12.79001,12.36002,12.73002,16874400,7.08646
2010-08-03,12.90001,13.28001,12.72002,12.74002,30832000,7.09203
2010-08-02,12.50001,12.99001,12.42001,12.95002,23441300,7.20893
2010-07-30,12.64002,12.95002,12.25002,12.52001,21415000,6.96955
2010-07-29,12.99001,13.33002,12.56002,12.71001,45336400,7.07532
2010-07-28,12.52001,12.52001,12.52001,12.52001,000,6.96955
2010-07-27,12.25002,12.55002,12.10001,12.52001,29924500,6.96955
2010-07-26,12.09001,12.47002,11.98002,12.31001,31546500,6.85265
2010-07-23,11.94001,12.08002,11.63001,12.06002,28996800,6.71349
2010-07-22,11.70002,12.03001,11.43001,11.95002,34477300,6.65226
2010-07-21,11.70002,12.00001,11.65001,11.79002,19253100,6.56319
2010-07-20,11.21002,11.79002,11.21002,11.75001,16864900,6.54091
2010-07-19,10.86001,11.23001,10.80002,11.20002,12150200,6.23475
2010-07-16,11.16001,11.16001,10.79001,11.00002,8611300,6.12342
2010-07-15,11.72001,11.76002,11.08001,11.17001,9768600,6.21804
2010-07-14,11.94001,12.07002,11.72001,11.85001,7252600,6.59658
2010-07-13,11.89002,11.99002,11.60002,11.88002,6054300,6.61329
2010-07-12,11.70002,12.07002,11.69002,11.96002,7135700,6.65782
2010-07-09,11.43001,11.85001,11.37001,11.77002,9472100,6.55205
2010-07-08,11.70002,11.75001,11.28002,11.43001,5722700,6.36278
2010-07-07,11.43001,11.62001,11.31002,11.54001,5449100,6.42401
2010-07-06,11.09002,11.56001,10.94001,11.50002,8434400,6.40175
2010-07-05,11.34001,11.34001,11.34001,11.34001,000,6.31268
2010-07-02,11.58002,11.75001,10.69001,11.34001,5557900,6.31268
2010-07-01,11.68002,11.87002,11.51001,11.66002,5861600,6.49082
2010-06-30,11.68002,12.08002,11.59002,11.71001,5527800,6.51865
2010-06-29,12.86002,12.90001,11.66002,11.67002,8653900,6.49639
2010-06-28,13.25001,13.34002,12.70001,12.75002,4755400,7.09759
2010-06-25,13.70002,13.70002,13.13002,13.25001,7955600,7.37593
2010-06-24,14.00002,14.15001,13.62002,13.77001,8063800,7.66539
2010-06-23,13.85001,14.27002,13.64001,13.94001,13329200,7.76003
2010-06-22,13.95001,13.95001,13.61002,13.80002,7381200,7.6821
2010-06-21,12.90001,14.05001,12.68001,13.76001,12954200,7.65983
2010-06-18,13.40002,13.60002,12.65002,12.87001,12531500,7.16439
2010-06-17,13.44002,14.00002,13.37001,13.42002,11628300,7.47056
2010-06-11,13.47001,13.53002,13.10002,13.41002,12936300,7.465
2010-06-10,12.76002,13.51002,12.66002,13.33002,19442600,7.42046
2010-06-09,12.58001,12.84002,12.46002,12.82002,11106200,7.13656
2010-06-08,12.41001,12.80001,12.22001,12.55002,13590700,6.98626
2010-06-07,11.90001,12.53002,11.81001,12.48001,13055500,6.94729
2010-06-04,12.28002,12.46002,12.15002,12.23001,6707600,6.80812
2010-06-03,13.60003,14.10003,13.59003,13.65003,14919200,6.78154
2010-06-02,13.00003,13.62003,12.91003,13.59003,8769700,6.75173
2010-06-01,13.38003,13.58003,12.80003,13.04003,10513300,6.47848
2010-05-31,14.31002,14.33002,13.42003,13.44003,16860000,6.67721
2010-05-28,14.92004,14.97004,14.25002,14.42002,23345900,7.16409
2010-05-27,14.48004,14.82004,14.12002,14.73004,13809100,7.31811
2010-05-26,14.30002,14.60004,14.13003,14.51004,11271000,7.20881
2010-05-25,14.70004,14.80004,14.29002,14.35002,17083100,7.12931
2010-05-24,14.56004,14.99004,14.50004,14.88004,23142900,7.39263
2010-05-21,13.60003,14.47004,13.42003,14.44004,19593500,7.17403
2010-05-20,13.69003,14.25002,13.20003,14.02003,13187400,6.96536
2010-05-19,13.76003,14.10003,13.40003,13.87003,15305700,6.89084
2010-05-18,13.90003,14.19002,13.08003,14.06003,14121400,6.98523
2010-05-17,14.68004,15.13004,14.05003,14.19002,19766600,7.04982
2010-05-14,13.85003,14.85004,13.80003,14.85004,16087600,7.37772
2010-05-13,14.85004,14.85004,14.85004,14.85004,000,7.37772
2010-05-12,14.92004,15.35004,13.50003,13.50003,11039400,6.70702
2010-05-11,15.58004,15.67004,14.85004,15.00004,5191700,7.45225
2010-05-10,14.91004,15.44004,14.91004,15.31004,7257500,7.60626
2010-05-07,15.45004,15.85004,15.00004,15.02004,14701200,7.46218
2010-05-06,17.47005,17.68005,15.90004,16.05003,12674600,7.9739
2010-05-05,17.28005,17.56004,17.00003,17.42005,11761500,8.65454
2010-05-04,17.07005,17.76004,16.88003,17.43005,12932600,8.65951
2010-04-30,17.70005,17.92004,16.51003,17.49005,21422000,8.68932
2010-04-29,19.43004,19.95998,17.80005,18.03004,18956000,8.9576
2010-04-28,19.41007,19.90009,19.31007,19.43004,16730100,9.65313
2010-04-27,19.30009,19.92005,18.82006,19.78013,27765800,9.82707
2010-04-26,18.58013,19.70009,18.26004,19.55,17825400,9.71273
2010-04-23,19.41007,19.50009,18.51008,18.58013,14769900,9.23089
2010-04-22,19.26996,19.79011,18.82006,19.37994,19131200,9.62825
2010-04-21,19.13004,19.55,18.9001,19.30009,19655400,9.58858
2010-04-20,18.02004,19.07995,17.71004,19.01008,11208100,9.44449
2010-04-19,18.02004,18.64002,18.00004,18.02004,8520000,8.95263
2010-04-16,18.5001,18.76997,18.10004,18.24004,8277300,9.06193
2010-04-15,19.37994,19.37994,18.55,18.56997,16044200,9.22584
2010-04-14,18.51008,19.32006,18.48004,19.23004,12951600,9.55377
2010-04-13,19.15998,19.20009,17.80005,18.73004,17174900,9.30537
2010-04-12,18.5001,19.35,18.5001,19.14002,29078000,9.50905
2010-04-09,17.27005,18.40004,17.27005,18.36004,24314600,9.12155
2010-04-08,17.43005,17.43005,17.15005,17.27005,7288200,8.58002
2010-04-07,17.33005,17.45005,17.10005,17.45005,7395700,8.66945
2010-04-06,17.86004,17.90004,17.18005,17.35005,12437900,8.61976
2010-04-02,17.87004,18.15004,17.81004,17.86004,7952400,8.87314
2010-04-01,17.47005,17.97004,17.35005,17.85005,9110600,8.86817
2010-03-31,17.30005,17.54005,17.21005,17.47005,6437800,8.67938
2010-03-30,17.18005,17.45005,17.05003,17.25005,6559100,8.57008
2010-03-29,17.16005,17.26005,16.83003,17.18005,7842900,8.53531
2010-03-26,17.05003,17.27005,16.90003,17.15005,4997300,8.5204
2010-03-25,17.59005,17.59005,16.98003,17.02003,5994400,8.45581
2010-03-24,17.60005,17.70005,17.38005,17.51005,6052200,8.69925
2010-03-23,18.22004,18.28004,17.50005,17.55005,8809000,8.71913
2010-03-22,18.04004,18.29004,17.86004,18.22004,9152000,9.05199
2010-03-19,17.70005,18.18004,17.50005,18.03004,16066900,8.9576
2010-03-18,17.44005,18.08004,17.44005,17.77004,15434200,8.82843
2010-03-17,16.80003,17.48005,16.62003,17.39005,9680000,8.63964
2010-03-16,16.85003,16.95003,16.18003,16.86003,6309800,8.37632
2010-03-15,16.79003,16.95003,16.60003,16.79003,4265400,8.34154
2010-03-12,16.92003,17.49005,16.69003,16.77003,14269800,8.3316
2010-03-11,16.92003,16.99003,16.40003,16.86003,4727500,8.37632
2010-03-10,17.34005,17.63005,16.80003,16.94003,9287100,8.41606
2010-03-09,17.59005,17.59005,17.00003,17.34005,5369100,8.6148
2010-03-08,17.53005,17.70005,17.31005,17.46005,4912800,8.67441
2010-03-05,17.85005,18.06004,17.46005,17.50005,8514500,8.69429
2010-03-04,18.85998,19.11008,17.60005,17.70005,9404600,8.79365
2010-03-03,18.78013,18.91008,18.47004,18.8001,8369000,9.34017
2010-03-02,18.65999,19.04002,18.28004,18.84002,11863100,9.36001
2010-03-01,18.40004,18.8001,18.40004,18.63004,6734500,9.25569
2010-02-26,18.21004,18.56997,18.20004,18.30004,6102800,9.09174
2010-02-25,18.55999,18.95998,18.38004,18.40004,11364300,9.14142
2010-02-24,17.52005,18.20004,17.52005,18.20004,7552500,9.04206
2010-02-23,17.35005,17.80005,16.91003,17.77004,5318800,8.82843
2010-02-22,17.78004,17.85005,17.29005,17.32005,5093000,8.60486
2010-02-18,18.02004,18.10004,17.64005,17.87004,5149400,8.87811
2010-02-17,18.02004,18.10004,17.64005,17.87004,5149400,8.87811
2010-02-16,18.02004,18.10004,17.64005,17.87004,5149400,8.87811
2010-02-15,18.02004,18.10004,17.64005,17.87004,5149400,8.87811
2010-02-12,18.02004,18.10004,17.64005,17.87004,5149400,8.87811
2010-02-11,19.60213,19.60213,19.60213,19.60213,000,9.73863
2010-02-10,17.24005,17.83004,17.24005,17.82004,8810000,8.85327
2010-02-09,16.96003,17.23005,16.82003,17.14005,4214900,8.51543
2010-02-08,16.61003,17.19005,16.61003,17.01003,5615800,8.45084
2010-02-05,16.70003,17.11005,16.56003,16.74003,6798400,8.3167
2010-02-04,16.48003,17.53005,16.31003,17.22005,14574100,8.55518
2010-02-03,16.90003,17.09005,15.62004,16.68003,14182100,8.28689
2010-02-02,17.11005,17.39005,16.68003,16.89003,15880700,8.39122
2010-02-01,17.77004,17.78004,16.75003,17.09005,12144500,8.49059
2010-01-29,18.19004,18.85,18.05004,18.09004,14895000,8.98741
2010-01-28,17.23005,18.21004,17.11005,18.11004,14387600,8.99734
2010-01-27,17.00003,17.68005,16.86003,17.33005,17059900,8.60983
2010-01-26,17.90004,18.05004,16.91003,17.07005,15693900,8.48066
2010-01-25,18.00004,18.38004,17.41005,17.99004,14505200,8.93773
2010-01-22,18.71008,18.98013,17.90004,18.11004,11509600,8.99734
2010-01-21,19.05,19.51007,18.72006,19.02006,17443700,9.44945
2010-01-20,19.88013,20.03003,18.6001,19.12006,27007600,9.49913
2010-01-19,20.30009,20.30009,19.57994,20.03003,16927100,9.95122
2010-01-18,20.15,20.50009,19.66996,20.27014,16610800,10.07051
2010-01-15,20.8901,20.8901,20.00009,20.47014,13618500,10.16988
2010-01-14,19.80009,21.25997,19.62005,20.88012,25168200,10.37356
2010-01-13,18.65999,20.05,18.55999,19.69011,23392600,9.78234
2010-01-12,18.45004,19.69011,18.40004,19.12006,25650700,9.49913
2010-01-11,17.30005,18.79011,17.30005,18.72006,37992700,9.30041
2010-01-08,16.40003,17.20005,16.40003,17.08005,10468000,8.48563
2010-01-07,17.31005,17.47005,16.30003,16.60003,13652500,8.24715
2010-01-06,17.71004,18.20004,17.20005,17.25005,14195100,8.57008
2010-01-05,17.26005,18.10004,17.16005,17.68005,22520500,8.78371
2010-01-04,16.98003,17.70005,16.62003,17.33005,17763500,8.60983
2009-12-31,16.60003,17.10005,16.38003,16.98003,13056200,8.43593
2009-12-30,16.65003,17.10005,16.46003,16.62003,16014100,8.25708
2009-12-29,16.89003,16.95003,16.28003,16.73003,9654100,8.31173
2009-12-28,16.92003,17.17005,16.66003,16.89003,11529300,8.39122
2009-12-25,16.81003,17.26005,16.71003,16.88003,10949000,8.38625
2009-12-24,16.56003,16.96003,16.50003,16.74003,15513700,8.3167
2009-12-23,15.88003,16.75003,15.71004,16.64003,17339200,8.26702
2009-12-22,15.90004,16.47003,15.47004,15.92003,17446500,7.90931
2009-12-21,15.22004,15.99003,15.21004,15.92003,7997400,7.90931
2009-12-18,16.23003,16.23003,15.28004,15.37004,9042500,7.63607
2009-12-17,16.50003,16.80003,16.10003,16.23003,10601600,8.06333
2009-12-16,16.80003,17.46005,16.60003,16.77003,16693900,8.3316
2009-12-15,16.41003,17.22005,16.28003,16.99003,19045400,8.4409
2009-12-14,16.54003,16.80003,16.15003,16.58003,12907700,8.23721
2009-12-11,15.76004,17.27005,15.76004,16.96003,36985600,8.426
2009-12-10,15.90004,16.04003,15.60004,15.70004,10634900,7.80001
2009-12-09,15.70004,16.20003,15.38004,15.69004,8874500,7.79505
2009-12-08,16.00004,16.25003,15.71004,15.97003,12662800,7.93415
2009-12-07,15.30004,16.00004,15.11004,15.97003,15894700,7.93415
2009-12-04,15.60004,15.80004,14.83004,15.25004,14833800,7.57645
2009-12-03,15.40004,15.98003,15.16004,15.80004,17690600,7.8497
2009-12-02,15.23004,15.51004,14.90004,15.46004,20761300,7.68078
2009-12-01,14.48004,15.45004,14.47004,15.06004,18666000,7.48205
2009-11-30,14.02003,14.52004,14.02003,14.47004,8904600,7.18893
2009-11-27,14.00003,14.56004,13.70003,13.95003,9691700,6.93058
2009-11-26,15.07004,15.09004,14.07003,14.27002,14881500,7.08956
2009-11-25,14.51004,15.21004,14.11003,15.14004,20916600,7.5218
2009-11-24,15.53004,15.75004,14.29002,14.47004,19877700,7.18893
2009-11-23,14.95004,15.79004,14.82004,15.60004,20886700,7.75033
2009-11-20,15.00004,15.26004,14.81004,14.97004,13515100,7.43734
2009-11-19,14.53004,15.37004,14.41002,15.25004,24971100,7.57645
2009-11-18,14.51004,14.69004,14.26002,14.55004,12904400,7.22868
2009-11-17,14.66004,14.66004,14.32002,14.46004,14111600,7.18397
2009-11-16,14.88004,15.45004,14.69004,14.71004,37344800,7.30817
2009-11-13,14.47004,14.86004,14.38002,14.71004,26758500,7.30817
2009-11-12,14.38002,14.66004,14.28002,14.63004,31196500,7.26842
2009-11-11,14.60004,14.94004,14.28002,14.66004,72558500,7.28333
2009-11-10,12.00004,13.96003,12.00004,13.96003,42518000,6.93555
2009-11-09,12.49003,12.78003,12.42003,12.69003,6998700,6.3046
2009-11-06,12.62003,13.00003,12.49003,12.51003,14130500,6.21517
2009-11-05,12.26003,12.58003,12.20003,12.53003,12479700,6.22511
2009-11-04,12.16003,12.28003,12.00004,12.28003,10073900,6.10091
2009-11-03,11.89004,12.19003,11.79002,12.15003,10680400,6.03632
2009-11-02,11.27002,11.77002,11.17002,11.75002,5458000,5.83759
2009-10-30,11.42002,11.64002,11.38002,11.41002,4261000,5.66867
2009-10-29,11.50002,11.50002,11.30002,11.35002,3778800,5.63886
2009-10-28,11.50002,11.70002,11.42002,11.68002,4071400,5.80281
2009-10-27,11.89004,11.89004,11.48002,11.50002,5756300,5.71338
2009-10-26,12.09003,12.15003,11.81002,11.97004,6002500,5.94689
2009-10-23,12.01003,12.20003,11.94004,12.09003,8330200,6.00651
2009-10-22,11.79002,12.10004,11.75002,12.00004,8981500,5.9618
2009-10-21,11.95004,11.99004,11.71002,11.77002,7220700,5.84752
2009-10-20,11.96004,12.09003,11.81002,12.03003,7169300,5.9767
2009-10-19,11.71002,11.88004,11.60002,11.87004,5962100,5.89721
2009-10-16,11.68002,11.85004,11.50002,11.71002,8750300,5.81771
2009-10-15,11.80002,11.85004,11.43002,11.62002,6714600,5.773
2009-10-14,11.38002,11.82004,11.38002,11.70002,9388300,5.81275
2009-10-13,11.23002,11.38002,11.23002,11.37002,2795300,5.6488
2009-10-12,11.38002,11.44002,11.21002,11.29002,3358800,5.60905
2009-10-09,11.00002,11.42002,11.00002,11.36002,4195700,5.64383
2009-10-08,10.88002,10.88002,10.88002,10.88002,000,5.40536
2009-10-07,10.88002,10.88002,10.88002,10.88002,000,5.40536
2009-10-06,10.88002,10.88002,10.88002,10.88002,000,5.40536
2009-10-05,10.88002,10.88002,10.88002,10.88002,000,5.40536
2009-10-02,10.88002,10.88002,10.88002,10.88002,000,5.40536
2009-10-01,10.88002,10.88002,10.88002,10.88002,000,5.40536
2009-09-30,10.70002,11.01002,10.70002,10.88002,3708500,5.40536
2009-09-29,10.77002,10.98002,10.40002,10.64002,4368200,5.28612
2009-09-28,11.28002,11.47002,10.83002,10.86002,4203400,5.39542
2009-09-25,11.31002,11.48002,11.20002,11.31002,6305600,5.61899
2009-09-24,11.59002,11.79002,11.11002,11.30002,6215500,5.61402
2009-09-23,11.51002,11.98003,11.51002,11.64002,6337300,5.78294
2009-09-22,12.09003,12.40003,11.65002,11.73002,9763800,5.82765
2009-09-21,12.00004,12.12003,11.40002,12.01003,9758900,5.96677
2009-09-18,12.80003,12.92003,12.05004,12.18003,15242700,6.05122
2009-09-17,12.38003,13.19003,12.38003,12.88003,23053900,6.39899
2009-09-16,12.09003,12.52003,11.81002,12.31003,24037700,6.11581
2009-09-15,12.30003,12.61003,11.63002,12.30003,24603800,6.11084
2009-09-14,11.22002,12.24003,11.22002,12.24003,27720000,6.08103
2009-09-11,10.90002,11.20002,10.86002,11.13002,8964700,5.52956
2009-09-10,11.07002,11.07002,10.75002,10.87002,6161300,5.40039
2009-09-09,10.95002,11.13002,10.90002,11.07002,7815700,5.49975
2009-09-08,10.74002,10.97002,10.72002,10.96002,5690300,5.4451
2009-09-07,10.91002,11.07002,10.76002,10.83002,8301700,5.38052
2009-09-04,10.75002,10.99002,10.64002,10.92002,7972900,5.42523
2009-09-03,10.43002,10.89002,10.32002,10.85002,5917800,5.39045
2009-09-02,10.38002,10.47002,10.16003,10.41002,3060400,5.17186
2009-09-01,10.28003,10.60002,10.24002,10.35002,4448400,5.14205
2009-08-31,11.04002,11.15002,10.36002,10.37002,7250800,5.15198
2009-08-28,11.68002,11.76002,11.20002,11.22002,7658800,5.57428
2009-08-27,11.59002,12.08003,11.28002,11.88004,11620200,5.90218
2009-08-26,11.30002,11.85004,11.20002,11.64002,10420000,5.78294
2009-08-25,11.23002,11.65002,10.91002,11.45002,13265300,5.68854
2009-08-24,11.28002,11.40002,11.04002,11.32002,7884900,5.62396
2009-08-21,10.95002,11.31002,10.90002,11.26002,9917400,5.59415
2009-08-20,10.62002,11.13002,10.61002,10.96002,10990100,5.4451
2009-08-19,11.26002,11.35002,10.55002,10.59002,5945000,5.26128
2009-08-18,11.00002,11.33002,11.00002,11.25002,5075800,5.58918
2009-08-17,11.67002,11.67002,10.86002,10.99002,8552800,5.46001
2009-08-14,12.53003,12.55003,11.77002,11.79002,10287800,5.85746
2009-08-13,13.00003,13.00003,12.30003,12.43003,18040400,6.17543
2009-08-12,13.90003,14.09002,12.95003,13.01003,13566400,6.46358
2009-08-11,14.04003,14.09002,13.71003,13.89003,6521600,6.90077
2009-08-10,13.81003,14.05003,13.66003,14.02003,11313300,6.96536
2009-08-07,14.30002,14.37002,13.56003,13.65003,12891500,6.78154
2009-08-06,13.78003,14.51004,13.52003,14.16003,21091500,7.03491
2009-08-05,14.15002,14.15002,13.55003,13.81003,18775500,6.86103
2009-08-04,14.30002,14.50004,13.76003,14.10003,22933400,7.00511
2009-08-03,14.27002,14.27002,14.27002,14.27002,000,7.08956
2009-07-31,14.11003,14.69004,13.96003,14.27002,45437000,7.08956
2009-07-30,12.70003,13.81003,12.60003,13.81003,30208400,6.86103
2009-07-29,13.42003,13.59003,12.11003,12.55003,14278200,6.23505
2009-07-28,13.20003,13.47003,13.00003,13.39003,13481300,6.65237
2009-07-27,13.00003,13.23003,12.88003,13.22003,15807800,6.56791
2009-07-24,13.26003,13.29003,12.78003,12.94003,11993500,6.4288
2009-07-23,13.35003,13.45003,13.08003,13.19003,11448900,6.55301
2009-07-22,13.23003,13.50003,13.22003,13.35003,9957100,6.6325
2009-07-21,14.00003,14.10003,13.26003,13.31003,17797600,6.61262
2009-07-20,13.48003,14.04003,13.41003,13.99003,28948500,6.95046
2009-07-17,13.20003,13.58003,13.20003,13.41003,18084800,6.6623
2009-07-16,13.17003,13.43003,13.11003,13.20003,15930100,6.55797
2009-07-15,13.28003,13.33003,13.07003,13.13003,10452500,6.5232
2009-07-14,13.10003,13.28003,13.10003,13.20003,9312800,6.55797
2009-07-13,12.89003,13.33003,12.87003,13.07003,13158900,6.49339
2009-07-10,13.04003,13.50003,13.00003,13.02003,26510000,6.46855
2009-07-09,12.55003,12.98003,12.48003,12.88003,12243300,6.39899
2009-07-08,12.41003,12.55003,12.35003,12.51003,6061200,6.21517
2009-07-07,12.31003,12.59003,12.31003,12.51003,8230800,6.21517
2009-07-06,12.38003,12.45003,12.15003,12.35003,7181000,6.13568
2009-07-03,12.29003,12.44003,12.23003,12.37003,5670100,6.14562
2009-07-02,12.50003,12.50003,12.15003,12.38003,13855000,6.15059
2009-07-01,12.41003,12.57003,12.29003,12.46003,9777400,6.19033
2009-06-30,12.96003,12.96003,12.38003,12.41003,11052600,6.16549
2009-06-29,12.81003,13.10003,12.81003,12.98003,5297400,6.44867
2009-06-26,13.30003,13.30003,12.94003,12.96003,7547400,6.43874
2009-06-25,13.47003,13.47003,13.10003,13.30003,10847300,6.60766
2009-06-24,13.15003,13.48003,13.15003,13.44003,17929600,6.67721
2009-06-23,12.71003,13.10003,12.70003,13.09003,14543400,6.50332
2009-06-22,12.77003,13.08003,12.65003,12.84003,9722700,6.37912
2009-06-19,12.70003,12.76003,12.50003,12.67003,6120500,6.29466
2009-06-18,12.70003,12.81003,12.62003,12.72003,4980500,6.3195
2009-06-17,12.70003,12.78003,12.46003,12.64003,5285500,6.27976
2009-06-16,12.70003,12.79003,12.58003,12.71003,3598000,6.31454
2009-06-15,12.81003,12.88003,12.45003,12.87003,5917900,6.39403
2009-06-12,13.07003,13.07003,13.07003,13.07003,000,6.49339
2009-06-11,13.00003,13.33003,13.00003,13.07003,13159200,6.49339
2009-06-10,12.86003,13.03003,12.80003,12.96003,8977000,6.43874
2009-06-09,12.80003,12.99003,12.65003,12.90003,8251700,6.40893
2009-06-08,12.79003,12.95003,12.61003,12.68003,7044700,6.29963
2009-06-05,12.78003,12.95003,12.75003,12.78003,5145600,6.34931
2009-06-04,13.16003,13.26003,12.70003,12.78003,10086400,6.34931
2009-06-03,13.39003,13.50003,13.10003,13.16003,9267300,6.5381
2009-06-02,13.57003,13.62003,13.28003,13.40003,10013800,6.65734
2009-06-01,13.42003,13.80003,13.35003,13.59003,17359900,6.75173
2009-05-29,13.28003,13.28003,13.28003,13.28003,000,6.59772
2009-05-28,13.28003,13.28003,13.28003,13.28003,000,6.59772
2009-05-27,12.90003,13.35003,12.83003,13.28003,15139200,6.59772
2009-05-26,12.73003,13.26003,12.71003,12.81003,11608600,6.36422
2009-05-25,12.57003,12.87003,12.49003,12.76003,6833600,6.33938
2009-05-22,12.51003,12.94003,12.35003,12.92003,8168600,6.41887
2009-05-21,12.99003,12.99003,12.51003,12.63003,10641100,6.27479
2009-05-20,13.45003,13.48003,13.01003,13.02003,12314200,6.46855
2009-05-19,13.61003,13.70003,13.40003,13.45003,12408000,6.68218
2009-05-18,13.47003,13.71003,13.20003,13.61003,12468700,6.76167
2009-05-15,13.75003,13.88003,13.39003,13.42003,13377100,6.66727
2009-05-14,13.78003,14.08003,13.61003,13.78003,15919300,6.84612
2009-05-13,13.58003,14.30002,13.30003,14.09002,34630500,7.00014
2009-05-12,15.13004,15.13004,13.23003,13.80003,59713700,6.85606
2009-05-11,13.75003,13.75003,13.75003,13.75003,347800,6.83122
2009-05-08,12.50003,12.50003,12.50003,12.50003,317400,6.2102
2009-05-07,11.50911,11.50911,11.50911,11.50911,000,5.7179
2009-05-06,11.50911,11.50911,11.50911,11.50911,000,5.7179
2009-05-05,11.50911,11.50911,11.50911,11.50911,000,5.7179
2009-05-04,11.50911,11.50911,11.50911,11.50911,000,5.7179
2009-05-01,11.50911,11.50911,11.50911,11.50911,000,5.7179
2009-04-30,11.50911,11.50911,11.50911,11.50911,000,5.7179
2009-04-29,11.50911,11.50911,11.50911,11.50911,000,5.7179
2009-04-28,11.50911,11.50911,11.50911,11.50911,000,5.7179
2009-04-27,11.50911,11.50911,11.50911,11.50911,000,5.7179
2009-04-24,11.50911,11.50911,11.50911,11.50911,000,5.7179
2009-04-23,11.50911,11.50911,11.50911,11.50911,000,5.7179
2009-04-22,12.66001,12.66001,12.66001,12.66001,000,5.57096
2009-04-21,12.66001,12.66001,12.66001,12.66001,000,5.57096
2009-04-20,12.66001,12.66001,12.66001,12.66001,000,5.57096
2009-04-17,12.66001,12.66001,12.66001,12.66001,000,5.57096
2009-04-16,12.66001,12.66001,12.66001,12.66001,000,5.57096
2009-04-15,12.66001,12.66001,12.66001,12.66001,000,5.57096
2009-04-14,12.66001,12.66001,12.66001,12.66001,000,5.57096
2009-04-13,12.66001,12.66001,12.66001,12.66001,000,5.57096
2009-04-10,12.66001,12.66001,12.66001,12.66001,000,5.57096
2009-04-09,12.66001,12.66001,12.66001,12.66001,000,5.57096
2009-04-08,12.66001,12.66001,12.66001,12.66001,000,5.57096
2009-04-07,12.66001,12.66001,12.66001,12.66001,000,5.57096
2009-04-06,12.66001,12.66001,12.66001,12.66001,000,5.57096
2009-04-03,13.05001,13.28002,12.54001,12.66001,17700000,5.57096
2009-04-02,13.31003,13.31003,12.87001,12.92003,12700200,5.68538
2009-04-01,13.28002,13.60001,13.14003,13.22001,11060800,5.81739
2009-03-31,12.70001,13.19002,12.51002,13.18002,8070100,5.79979
2009-03-30,12.58002,13.09003,12.50002,12.97002,7018600,5.70738
2009-03-27,12.65001,12.84002,12.52002,12.58002,6100900,5.53577
2009-03-26,12.56002,12.75003,12.20001,12.61001,6306800,5.54896
2009-03-25,12.90002,13.20003,12.55001,12.56002,12227900,5.52696
2009-03-24,12.70001,13.04001,12.44001,13.00001,21201500,5.72058
2009-03-23,12.48001,12.65001,12.36003,12.59001,10329700,5.54016
2009-03-20,12.69002,12.81003,12.35002,12.50002,12103000,5.50056
2009-03-19,12.86002,12.94001,12.31001,12.79002,17172500,5.62817
2009-03-18,12.93001,13.20003,12.82001,12.94001,7953600,5.69418
2009-03-17,12.73002,13.20003,12.53003,13.06002,8772200,5.74698
2009-03-16,12.68002,12.90002,12.38001,12.78002,5696200,5.62377
2009-03-13,12.11002,12.85002,12.03001,12.51002,14200700,5.50496
2009-03-12,11.94002,11.94002,11.94002,11.94002,000,5.25413
2009-03-11,11.82001,12.09001,11.70001,11.94002,7948500,5.25413
2009-03-10,11.40002,11.78002,11.25001,11.71001,3313400,5.15292
2009-03-09,12.13002,12.25003,11.35002,11.65001,11823600,5.12652
2009-03-06,11.55002,12.21001,11.50002,12.09001,8576800,5.32014
2009-03-05,11.78002,12.10001,11.36001,11.78002,8666300,5.18373
2009-03-04,11.20001,11.77001,11.15001,11.66001,6019500,5.13092
2009-03-03,10.66002,11.25001,10.51002,11.09001,4008400,4.88009
2009-03-02,10.51002,10.97001,10.50002,10.88002,3610100,4.78769
2009-02-27,10.80001,11.00002,10.41001,10.60001,6304300,4.66447
2009-02-26,11.55002,11.80003,10.71001,10.98001,5719200,4.83169
2009-02-25,11.85002,12.09001,11.18002,11.61002,7259300,5.10892
2009-02-24,12.40002,12.53003,11.75001,11.77001,7533200,5.17933
2009-02-23,12.05001,12.67002,12.00002,12.59001,9701300,5.54016
2009-02-20,12.02002,12.35002,11.55002,12.34002,20312900,5.43015
2009-02-19,12.00002,12.35002,11.81001,12.00002,12087000,5.28054
2009-02-18,12.40002,12.57002,11.70001,11.78002,19107500,5.18373
2009-02-17,13.53002,13.53002,12.71001,12.75003,11200700,5.61057
2009-02-16,13.41002,13.95001,13.20003,13.53002,11281900,5.95381
2009-02-12,11.99001,12.41002,11.74002,12.36003,7833600,5.43896
2009-02-11,12.00002,12.49001,11.85002,11.99001,7988500,5.27613
2009-02-10,12.19002,12.22001,11.80003,12.20001,10371700,5.36854
2009-02-09,11.68002,12.53003,11.68002,12.15001,18499600,5.34654
2009-02-06,10.90002,11.55002,10.90002,11.55002,17572800,5.08252
2009-02-05,11.07002,11.07002,10.54001,10.92001,18116000,4.80529
2009-02-04,10.83002,11.54001,10.83002,11.21001,17122100,4.9329
2009-02-03,10.44002,10.82001,10.30001,10.49002,11294300,4.61607
2009-02-02,10.26001,10.45002,9.98001,10.40002,5146200,4.57647
2009-01-23,9.95002,10.32002,9.95002,10.15001,8404000,4.46645
2009-01-22,10.25001,10.40002,9.78002,10.00002,10052000,4.40045
2009-01-21,10.31001,10.62002,10.15001,10.22002,5967300,4.49726
2009-01-20,10.57,10.66002,10.25001,10.55002,6598200,4.64247
2009-01-19,10.34002,10.73002,10.30001,10.58001,11808300,4.65567
2009-01-16,9.95002,10.30001,9.95002,10.27002,9687500,4.51926
2009-01-15,10.07001,10.37001,9.96001,9.99002,11559100,4.39605
2009-01-14,10.00002,10.23002,9.95002,10.13001,5686300,4.45765
2009-01-13,10.19001,10.65001,9.96001,9.97001,5830300,4.38724
2009-01-12,9.98001,10.52001,9.70001,10.33002,6302300,4.54566
2009-01-09,9.88002,9.99002,9.70001,9.89002,7771000,4.35205
2009-01-08,10.22002,10.22002,9.44002,9.87001,11125500,4.34324
2009-01-07,10.95002,10.95002,10.48001,10.49002,14789800,4.61607
2009-01-06,10.65001,11.09001,10.45002,11.08001,17792200,4.87569
2009-01-05,11.06002,11.15001,10.53001,10.74,8186600,4.72608
2009-01-02,10.68002,10.68002,10.68002,10.68002,000,4.69968
2009-01-01,10.68002,10.68002,10.68002,10.68002,000,4.69968
2008-12-31,10.40002,10.84002,10.40002,10.68002,6186700,4.69968
2008-12-30,10.30001,10.81001,10.30001,10.50002,3024000,4.62047
2008-12-29,10.15001,10.60001,9.73,10.52001,5609500,4.62927
2008-12-26,10.50002,10.56002,10.00002,10.31001,3216400,4.53686
2008-12-25,10.58001,10.70001,10.05002,10.57,3105600,4.65127
2008-12-24,10.26001,10.85,10.18,10.64001,5212200,4.68207
2008-12-23,11.19001,11.19001,10.17002,10.70001,6552900,4.70848
2008-12-22,10.62002,11.15001,10.58001,11.02001,9990400,4.84929
2008-12-19,10.32002,10.72002,10.16002,10.58001,7946500,4.65567
2008-12-18,10.15001,10.63001,10.02001,10.49002,11586600,4.61607
2008-12-17,9.82002,10.24001,9.72002,10.10002,8462800,4.44445
2008-12-16,9.82002,9.82002,9.40001,9.79001,4198800,4.30803
2008-12-15,9.78002,10.26001,9.71002,9.92001,7590000,4.36524
2008-12-12,9.41001,10.06002,9.37001,9.75001,10636600,4.29043
2008-12-11,10.23002,10.28002,9.44002,9.52001,7212000,4.18922
2008-12-10,9.97001,9.97001,9.97001,9.97001,000,4.38724
2008-12-09,10.44002,10.44002,9.94002,9.97001,7465300,4.38724
2008-12-08,10.00002,10.55002,10.00002,10.45002,10225300,4.59847
2008-12-05,10.02001,10.40002,9.90,10.14001,13742300,4.46205
2008-12-04,9.69001,10.36001,9.69001,10.00002,18085400,4.40045
2008-12-03,9.05002,9.82002,9.00,9.63001,22115200,4.23763
2008-12-02,8.46001,9.08001,8.36001,8.96001,7497100,3.9428
2008-12-01,8.30001,8.73001,8.11,8.68001,2962600,3.81959
2008-11-28,8.55002,8.77002,8.03002,8.34001,4110700,3.66997
2008-11-27,9.15002,9.24001,8.57001,8.58001,7800100,3.77558
2008-11-26,8.33,8.76002,8.33,8.57001,5074200,3.77118
2008-11-25,8.15002,8.45001,8.04002,8.45001,5374200,3.71838
2008-11-24,8.31002,8.45001,7.89,8.10002,5240500,3.56437
2008-11-21,8.36001,8.65002,7.88,8.25001,10900700,3.63037
2008-11-20,8.94002,9.38002,8.60002,8.76002,18730800,3.85479
2008-11-19,8.40001,9.02001,8.40001,9.02001,23025900,3.9692
2008-11-18,8.32002,8.77002,8.02001,8.20002,17087800,3.60837
2008-11-17,7.55,8.27002,7.49,8.27002,12749500,3.63917
2008-11-14,7.24001,7.55,7.17001,7.52001,6343200,3.30914
2008-11-13,6.95001,7.39001,6.84001,7.27,5312400,3.19912
2008-11-12,6.90001,7.02001,6.77,6.98002,2132200,3.07152
2008-11-11,6.84001,7.15,6.73001,6.96001,5767400,3.06271
2008-11-10,6.62001,7.01001,6.58002,6.95001,5507400,3.05831
2008-11-07,6.40001,6.60,6.35001,6.51001,2927000,2.86469
2008-11-06,6.51001,6.61001,6.41002,6.50001,1694300,2.86029
2008-11-05,6.60,6.77,6.50001,6.70002,3459700,2.9483
2008-11-04,6.56001,6.60,6.28001,6.51001,2382000,2.86469
2008-11-03,6.49,6.63001,6.36002,6.57001,3262200,2.8911
2008-10-31,6.22001,6.65,6.17001,6.58002,6320200,2.8955
2008-10-30,6.00001,6.48,6.00001,6.20,4876200,2.72827
2008-10-29,6.24001,6.38,5.97002,6.00001,1853200,2.64027
2008-10-28,5.67001,6.34001,5.67001,6.24001,2718400,2.74588
2008-10-27,6.40001,6.49,5.80002,5.90001,3774700,2.59627
2008-10-24,6.91001,6.99,6.38,6.40001,3315600,2.81629
2008-10-23,6.84001,7.05,6.80001,6.93,1864800,3.04951
2008-10-22,7.09002,7.14002,6.89001,6.99,2328400,3.07591
2008-10-21,7.28001,7.29001,7.16,7.19001,2521100,3.16392
2008-10-20,6.96001,7.27,6.88,7.21,1946700,3.17272
2008-10-17,7.15,7.37002,7.00001,7.07001,2755700,3.11112
2008-10-16,7.23001,7.78001,7.10,7.13001,3277500,3.13752
2008-10-15,7.42002,7.58001,7.32,7.42002,1649100,3.26513
2008-10-14,8.13001,8.14001,7.60,7.60,3357100,3.34434
2008-10-13,7.53002,7.77,7.28001,7.74001,3062200,3.40595
2008-10-10,7.68001,7.88,7.51001,7.53002,4358000,3.31354
2008-10-09,8.30001,8.32002,7.90001,7.96001,2933500,3.50276
2008-10-08,8.48002,8.60002,8.05,8.08001,3806600,3.55556
2008-10-07,8.49002,8.89,8.23001,8.70002,3232800,3.82839
2008-10-06,9.10002,9.10002,9.10002,9.10002,000,4.00441
2008-10-03,9.10002,9.10002,9.10002,9.10002,000,4.00441
2008-10-02,9.10002,9.10002,9.10002,9.10002,000,4.00441
2008-10-01,9.10002,9.10002,9.10002,9.10002,000,4.00441
2008-09-30,9.10002,9.10002,9.10002,9.10002,000,4.00441
2008-09-29,9.10002,9.10002,9.10002,9.10002,000,4.00441
2008-09-26,9.48001,9.48001,9.09002,9.10002,4021400,4.00441
2008-09-25,8.87002,9.43002,8.87002,9.41001,9552300,4.14082
2008-09-24,8.12001,9.00,8.12001,8.97001,5329100,3.9472
2008-09-23,8.80001,8.80001,8.41001,8.52001,6234800,3.74918
2008-09-22,8.88002,9.35001,8.57001,9.05002,16202100,3.98241
2008-09-19,8.57001,8.57001,8.25001,8.57001,10116900,3.77118
2008-09-18,7.68001,8.14001,7.20002,7.79001,4191200,3.42795
2008-09-17,7.61,7.78001,7.53002,7.74001,2463300,3.40595
2008-09-16,7.55,7.79001,7.32,7.61,3870700,3.34874
2008-09-15,7.42002,7.42002,7.42002,7.42002,000,3.26513
2008-09-12,7.41001,7.60,7.40001,7.42002,929100,3.26513
2008-09-11,7.70002,7.73001,7.42002,7.46001,2373300,3.28273
2008-09-10,7.73001,8.04002,7.50001,7.76002,2393300,3.41475
2008-09-09,7.48002,7.99,7.42002,7.85001,2085900,3.45435
2008-09-08,8.08001,8.15002,7.56001,7.60,2754900,3.34434
2008-09-05,8.16,8.36001,8.10002,8.11,1288300,3.56876
2008-09-04,8.32002,8.45001,8.19001,8.44,1518000,3.71397
2008-09-03,8.35001,8.43002,8.05,8.19001,1497700,3.60397
2008-09-02,8.04002,8.55002,8.00,8.40001,3371900,3.69637
2008-09-01,8.49002,8.49002,8.06001,8.07001,2293300,3.55116
2008-08-29,8.39,8.59002,8.28,8.52001,3717600,3.74918
2008-08-28,8.45001,8.72,8.25001,8.28,2093700,3.64357
2008-08-27,8.60002,8.60002,8.60002,8.60002,000,3.78439
2008-08-26,9.09002,9.11002,8.43002,8.60002,2972800,3.78439
2008-08-25,9.10002,9.26002,8.82002,9.24001,2757200,4.06601
2008-08-22,8.70002,9.06,8.63001,8.93002,2599200,3.9296
2008-08-21,9.10002,9.27002,8.81001,8.85001,4173300,3.89439
2008-08-20,8.53001,9.35001,8.39,9.32002,6741900,4.10122
2008-08-19,8.11,8.60002,8.11,8.55002,1913400,3.76239
2008-08-18,8.70002,8.72,8.26002,8.27002,4203000,3.63917
2008-08-15,8.83002,8.99002,8.50,8.66002,6626600,3.81079
2008-08-14,8.32002,8.95,8.32002,8.82002,5053800,3.8812
2008-08-13,8.10002,8.58001,8.10002,8.50,2921900,3.74038
2008-08-12,8.28,8.80001,8.28,8.33,6058200,3.66557
2008-08-11,8.76002,9.10002,8.11,8.15002,5024500,3.58637
2008-08-08,9.80001,9.84,8.88002,8.92001,3350600,3.9252
2008-08-07,9.58001,9.83002,9.46001,9.79001,3104200,4.30803
2008-08-06,9.56,9.60002,9.30001,9.48001,2393700,4.17162
2008-08-05,9.54002,9.75001,9.32002,9.38002,2736100,4.12762
2008-08-04,9.95002,9.95002,9.50002,9.53001,2750900,4.19363
2008-08-01,9.66002,10.15001,9.51,9.99002,4193900,4.39605
2008-07-31,10.24001,10.40002,9.80001,9.80001,4986300,4.31244
2008-07-30,10.14001,10.14001,10.14001,10.14001,000,4.46205
2008-07-29,10.70001,10.70001,10.06002,10.14001,6252000,4.46205
2008-07-28,10.88002,10.90002,10.56002,10.72002,6024900,4.71728
2008-07-25,10.50002,10.89002,10.33002,10.70001,7928000,4.70848
2008-07-24,10.48001,10.80001,10.28002,10.58001,8786300,4.65567
2008-07-23,10.43001,10.88002,10.38002,10.49002,11295900,4.61607
2008-07-22,10.30001,10.50002,10.20001,10.34002,4763800,4.55007
2008-07-21,9.77002,10.41001,9.62,10.30001,6875900,4.53246
2008-07-18,9.60002,10.10002,9.23,9.86001,5128700,4.33884
2008-07-17,10.12002,10.30001,9.15002,9.50002,9213800,4.18043
2008-07-16,9.79001,10.49002,9.52001,9.92001,8424000,4.36524
2008-07-15,10.63001,10.77002,9.85001,9.88002,8060000,4.34764
2008-07-14,10.25001,10.68002,10.25001,10.57,6906300,4.65127
2008-07-11,10.99001,10.99001,10.30001,10.52001,9011800,4.62927
2008-07-10,11.19001,11.42001,10.86001,11.05002,20626800,4.86249
2008-07-09,11.51002,11.65001,11.10001,11.52002,17950400,5.06932
2008-07-08,11.15001,11.77001,10.96002,11.64001,10577300,5.12212
2008-07-07,10.90002,11.40002,10.81001,11.13,7560000,4.89769
2008-07-04,10.61002,10.89002,10.46001,10.73002,7661600,4.72168
2008-07-03,9.98001,10.94002,9.71002,10.71001,12580400,4.71288
2008-07-02,10.00002,10.56002,9.70001,10.26001,9456400,4.51486
2008-07-01,9.65001,10.21002,9.57001,9.97001,10748700,4.38724
2008-06-30,9.06,9.75001,8.88002,9.71002,9428200,4.27284
2008-06-27,9.70001,9.86001,9.08001,9.19001,9465600,4.04401
2008-06-26,9.99002,10.27002,9.71002,10.07001,9299900,4.43125
2008-06-25,9.25001,10.05002,9.08001,10.00002,11268000,4.40045
2008-06-24,8.65002,9.27002,8.50,9.24001,8391300,4.06601
2008-06-23,8.67,9.09002,8.48002,8.54002,5088700,3.75798
2008-06-20,9.50002,9.98001,8.46001,9.00,11892800,3.9604
2008-06-19,10.20001,10.20001,9.40001,9.40001,7073900,4.13642
2008-06-18,9.99002,10.86001,9.20001,10.44002,14788000,4.59407
2008-06-17,11.31001,11.55002,10.18,10.18,6969300,4.47965
2008-06-16,11.80003,12.07002,11.25001,11.31001,4804000,4.9769
2008-06-13,12.45002,12.58002,11.70001,11.73002,6607800,5.16173
2008-06-12,12.36003,12.62002,11.60001,12.53003,12283800,5.51376
2008-06-11,12.35002,13.28002,12.20001,12.30002,11774000,5.41255
2008-06-10,13.50001,13.58002,12.84002,12.84002,10527800,5.65017
2008-06-09,14.27001,14.27001,14.27001,14.27001,000,6.27943
2008-06-06,14.68002,15.02002,14.05001,14.27001,11479500,6.27943
2008-06-05,14.91002,15.44003,14.51002,15.02002,10680600,6.60947
2008-06-04,15.22003,15.66003,14.79002,14.96002,23535000,6.58307
2008-06-03,17.38002,17.50003,15.60003,15.69002,40388700,6.9043
2008-06-02,15.69002,17.16002,15.12001,16.96003,30070900,7.46316
2008-05-30,16.10002,16.92002,15.60003,15.89003,28024100,6.99231
2008-05-29,15.60003,17.16002,15.10003,16.35001,34462500,7.19473
2008-05-28,15.00001,16.10002,14.75002,15.69002,29427600,6.9043
2008-05-27,14.47002,15.47002,13.92002,14.96002,23867400,6.58307
2008-05-26,15.40001,16.08002,14.95001,15.47002,67117800,6.80749
2008-05-23,13.28002,14.77003,13.28002,14.77003,31986000,6.49946
2008-05-22,13.18002,13.95001,12.70001,13.43001,5657800,5.9098
2008-05-21,13.00001,13.56001,12.23002,13.37003,6019200,5.8834
2008-05-20,14.50001,14.50001,13.00001,13.23002,4829500,5.82179
2008-05-19,13.90002,14.59002,13.82003,14.41002,3996000,6.34104
2008-05-16,14.50001,15.20002,14.01002,14.22001,8448300,6.25743
2008-05-15,14.50001,15.80002,14.50001,14.74002,14653200,6.48626
2008-05-14,13.80002,14.50001,13.70002,14.39001,6530600,6.33224
2008-05-13,13.77001,14.42002,13.60001,13.92002,8944500,6.12542
2008-05-12,14.00001,14.71003,13.68002,14.38003,8820100,6.32785
2008-05-09,15.29001,15.40001,13.78001,14.64002,20505500,6.44226
2008-05-08,13.65003,15.21003,13.40002,15.21003,11519500,6.69308
2008-05-07,16.56001,17.85001,16.41,16.79,19037100,5.978
2008-05-06,16.60,16.98002,16.20,16.68,16818400,5.93884
2008-05-05,15.30002,16.50001,15.28001,16.50001,18200400,5.87476
2008-05-02,15.00,15.00,15.00,15.00,000,5.34069
2008-05-01,15.00,15.00,15.00,15.00,000,5.34069
2008-04-30,14.11,15.28001,14.11,15.00,11526900,5.34069
2008-04-29,14.05,14.36002,13.93001,14.10,5479700,5.02024
2008-04-28,14.20001,14.45,13.98,14.20001,5856700,5.05585
2008-04-25,14.20001,15.10002,13.96002,14.49999,15351000,5.16266
2008-04-24,14.45,14.53001,13.60001,14.48001,21284900,5.15554
2008-04-23,12.51,13.59001,11.93001,13.21001,13629800,4.70337
2008-04-22,13.00001,13.00001,12.14002,12.89,4513100,4.58943
2008-04-21,13.21001,13.21001,13.21001,13.21001,000,4.70337
2008-04-18,14.01001,14.14001,13.18,13.21001,3050300,4.70337
2008-04-17,14.65,14.95001,14.05,14.21001,2251900,5.05941
2008-04-16,14.70002,15.17002,14.00001,14.59,2557900,5.19471
2008-04-15,13.80001,14.94001,13.80001,14.93,4043100,5.31576
2008-04-14,14.90002,15.00,13.98,14.11,4179300,5.0238
2008-04-11,15.28001,15.77002,15.20,15.52,4503600,5.52583
2008-04-10,14.47001,15.25,14.22002,15.22001,3594300,5.41902
2008-04-09,15.93,16.24002,14.72,14.75001,5295300,5.25168
2008-04-08,16.00,16.53,15.60,16.09001,9778700,5.72878
2008-04-07,14.66,15.97999,14.21001,15.82001,9004100,5.63264
2008-04-04,15.09001,15.09001,15.09001,15.09001,000,5.37273
2008-04-03,14.59,15.20,13.70,15.09001,7937500,5.37273
2008-04-02,15.80,15.97999,14.44,14.57,6628300,5.18758
2008-04-01,17.19002,17.33,15.42001,15.60,9190300,5.55431
2008-03-31,17.99002,18.20,17.03001,17.13,2901900,6.09906
2008-03-28,18.30001,18.49,17.32002,18.19002,6134800,6.47648
2008-03-27,19.15,19.15,18.41,18.57001,2371300,6.61177
2008-03-26,19.57001,19.96,19.22,19.31001,2494800,6.87524
2008-03-25,18.97001,19.77001,18.35,19.56,2496300,6.96425
2008-03-24,20.05001,20.16,19.28,19.29,3612700,6.86812
2008-03-21,19.59001,20.20002,19.17001,19.84,4118000,7.06395
2008-03-20,18.63001,19.66001,17.51001,19.44001,3994800,6.92153
2008-03-19,18.78001,19.20002,18.36,18.78001,3569100,6.68654
2008-03-18,19.43,19.79001,17.58002,18.18001,5463600,6.47291
2008-03-17,20.99001,20.99001,19.34002,19.40002,3328800,6.90729
2008-03-14,20.98,21.10,20.45001,20.81002,2497500,7.40931
2008-03-13,22.12,22.60001,20.30,21.02002,9424700,7.48409
2008-03-12,23.38002,23.75001,22.38,22.56002,3943900,8.03239
2008-03-11,23.15001,23.15001,22.05,23.06,5921100,8.21041
2008-03-10,23.78002,24.12002,23.20,23.33,5458100,8.30654
2008-03-07,23.00001,24.16001,22.88001,23.58002,9696700,8.39556
2008-03-06,23.12,23.66,22.75001,23.24002,7863500,8.27451
2008-03-05,23.75001,23.99,22.83002,23.12,4754700,8.23177
2008-03-04,24.88,24.90001,23.89001,23.90002,4841700,8.5095
2008-03-03,23.91002,24.78997,23.45,24.71995,4484800,8.80143
2008-02-29,23.98002,24.24002,23.30002,24.15001,6441800,8.5985
2008-02-28,23.41001,23.88001,23.13001,23.80,3853800,8.47389
2008-02-27,22.95001,23.20,22.40001,23.13001,3401000,8.23534
2008-02-26,23.65,23.88001,21.50,22.44,6504400,7.98966
2008-02-25,25.00005,25.47998,22.58,22.83002,6551400,8.12853
2008-02-22,26.36006,26.36006,24.60991,25.09008,6317900,8.93321
2008-02-21,26.16998,26.88,25.8101,26.56989,4174400,9.46009
2008-02-20,26.21,27.00004,26.07995,26.16998,4557400,9.31771
2008-02-19,26.77996,27.08007,25.9399,26.21,10673200,9.33196
2008-02-18,26.00993,26.52011,25.70006,26.45009,8589500,9.41744
2008-02-15,25.29991,25.97992,24.82999,25.56001,4048800,9.10053
2008-02-14,24.93002,25.47998,24.54989,25.45997,5382000,9.06491
2008-02-13,25.70006,25.70006,24.42008,24.49011,4146700,8.7196
2008-02-12,25.63003,25.63003,25.63003,25.63003,000,9.12546
2008-02-11,25.63003,25.63003,25.63003,25.63003,000,9.12546
2008-02-08,25.63003,25.63003,25.63003,25.63003,000,9.12546
2008-02-07,25.63003,25.63003,25.63003,25.63003,000,9.12546
2008-02-06,25.63003,25.63003,25.63003,25.63003,000,9.12546
2008-02-05,26.40007,26.69993,25.60002,25.63003,4250900,9.12546
2008-02-04,25.29991,26.67993,25.29991,26.43008,4752500,9.41031
2008-02-01,25.00005,25.25014,23.01001,24.51011,5264800,8.72672
2008-01-31,26.20,26.4801,25.00005,25.06007,3328200,8.92253
2008-01-30,26.50011,27.26014,25.70006,26.18999,7898800,9.32483
2008-01-29,25.08008,26.50011,25.08008,26.13998,7083700,9.30702
2008-01-28,28.29002,28.29002,25.58002,25.58002,13378500,9.10765
2008-01-25,28.42007,28.42007,28.42007,28.42007,000,10.11884
2008-01-24,29.2999,29.89012,28.40006,28.42007,18287600,10.11884
2008-01-23,27.49998,28.87999,27.47997,28.73994,12143700,10.23273
2008-01-22,29.00004,29.47997,27.28991,27.28991,13489700,9.71645
2008-01-21,31.01004,32.58012,29.99991,30.32003,9133400,10.79531
2008-01-18,31.01004,31.30014,30.31002,30.94001,7953600,11.01605
2008-01-17,29.49998,31.00003,29.00004,30.90,16135100,11.00181
2008-01-16,29.26013,30.18998,28.40006,29.91988,10125000,10.65284
2008-01-15,30.11996,30.33003,29.26013,29.70005,6344100,10.57457
2008-01-14,29.99991,30.49009,29.32991,30.08995,7685100,10.71339
2008-01-11,29.04005,30.21999,29.04005,29.81009,18053900,10.61375
2008-01-10,27.88012,29.00004,27.88012,28.95002,12346600,10.30753
2008-01-09,27.49998,27.79009,26.90001,27.76007,8096800,9.88385
2008-01-08,28.40006,28.69993,27.06007,27.40995,13803400,9.75919
2008-01-07,27.1501,28.73994,27.01005,28.39006,14176700,10.10816
2008-01-04,27.25013,27.36993,26.4801,27.1601,8803000,9.67023
2008-01-03,27.33992,27.89988,27.00004,27.36993,9220500,9.74494
2008-01-02,26.33004,27.9599,25.8201,27.42996,13707400,9.76631
2008-01-01,26.33004,26.33004,26.33004,26.33004,000,9.3747
2007-12-31,26.33004,26.33004,26.33004,26.33004,000,9.3747
2007-12-28,25.39995,26.60014,25.29991,26.33004,13547800,9.3747
2007-12-27,26.01993,27.20012,25.41996,25.53,30546200,9.08984
2007-12-26,25.02006,25.28991,24.50011,25.00005,5721700,8.90116
2007-12-25,24.85,25.00005,24.48011,24.94003,4984400,8.87979
2007-12-24,24.00,25.18011,24.00,24.94003,10845200,8.87979
2007-12-21,23.31002,23.98002,23.31002,23.85002,4663400,8.49169
2007-12-20,23.76001,23.79,23.25,23.60,3736600,8.40268
2007-12-19,23.31002,23.76001,23.21001,23.45,5505700,8.34927
2007-12-18,23.14001,23.60,22.80001,23.23002,4486700,8.27095
2007-12-17,22.65,23.95001,22.65,23.29001,12099100,8.29231
2007-12-14,21.66001,22.56002,21.45001,22.50002,3893100,8.01103
2007-12-13,22.36002,22.90002,21.61001,21.62002,4819600,7.69771
2007-12-12,22.35001,22.58,22.11,22.45,4912000,7.99322
2007-12-11,21.85,22.34001,21.60001,22.33001,4662900,7.9505
2007-12-10,21.10,21.90002,20.71,21.85,4232300,7.7796
2007-12-07,21.35002,21.50,21.14001,21.33001,2353000,7.59446
2007-12-06,21.09002,21.45001,21.01002,21.35002,2568300,7.60158
2007-12-05,20.60001,21.12001,20.50,21.11,2431400,7.51612
2007-12-04,20.51,20.96,20.48002,20.58001,853500,7.32742
2007-12-03,20.80001,20.90,20.20002,20.43,1378000,7.27401
2007-11-30,20.88002,20.88002,20.88002,20.88002,000,7.43424
2007-11-29,20.99001,21.05001,20.46001,20.88002,1719600,7.43424
2007-11-28,21.08002,21.42002,20.48002,20.60001,1456600,7.33454
2007-11-27,20.81002,21.15002,20.50,21.05001,2484800,7.49476
2007-11-26,20.70,21.20001,20.38001,20.86001,4916400,7.42712
2007-11-23,19.35,20.37,19.12001,20.35002,2702700,7.24553
2007-11-22,20.20002,20.27001,19.38001,19.45001,2856400,6.92509
2007-11-21,21.45001,21.55002,20.40001,20.42002,4078700,7.27046
2007-11-20,21.39001,21.70,21.20001,21.37,2948900,7.60869
2007-11-19,20.96,21.60001,20.91,21.37,2367700,7.60869
2007-11-16,21.05001,21.50,20.82002,20.98,2203700,7.46984
2007-11-15,22.07001,22.07001,21.01002,21.07001,4304500,7.50188
2007-11-14,21.39001,21.39001,21.39001,21.39001,000,7.61582
2007-11-13,21.10,21.80001,21.00001,21.39001,4807000,7.61582
2007-11-12,20.89002,21.89002,20.64,20.89002,7435000,7.4378
2007-11-09,20.10,21.57,20.00002,21.19001,9814800,7.54461
2007-11-08,19.81002,20.58001,19.52001,20.18001,4807200,7.185
2007-11-07,20.18001,20.38001,19.41002,19.81002,1960800,7.05327
2007-11-06,19.83,20.59001,19.70,20.19001,2633800,7.18856
2007-11-05,19.00002,20.08002,18.75,19.83,2557300,7.06038
2007-11-02,19.60002,19.60002,19.10,19.16,2862700,6.82183
2007-11-01,20.51,20.60001,19.80002,19.80002,2540600,7.04971
2007-10-31,20.22,20.90,19.99001,20.62002,4471900,7.34167
2007-10-30,19.26002,20.35002,19.26002,20.03,5384200,7.13159
2007-10-29,19.20002,19.50,18.30001,18.73002,2506600,6.66874
2007-10-26,19.11001,19.59001,18.65001,18.91001,3761500,6.73283
2007-10-25,20.78001,20.78001,19.20002,19.21,4860400,6.83963
2007-10-24,20.85001,21.40001,20.68002,20.70,1967900,7.37014
2007-10-23,20.82002,21.46001,20.70,21.00001,2410400,7.47696
2007-10-22,21.00001,21.60001,20.70,20.81002,1878800,7.40931
2007-10-19,21.42002,21.80001,21.18,21.20001,2671400,7.54817
2007-10-18,22.36002,22.36002,21.50,21.51,3258100,7.65854
2007-10-17,21.81001,22.90002,21.50,22.33001,7125400,7.9505
2007-10-16,22.00001,22.24,21.30,21.85,3283100,7.7796
2007-10-15,21.37,21.99001,21.37,21.85,4010200,7.7796
2007-10-12,21.86001,21.90002,20.55002,21.30,6902800,7.58377
2007-10-11,22.43002,22.43002,21.70,21.84,7349900,7.77604
2007-10-10,22.81001,22.90002,22.00001,22.46001,7134200,7.99679
2007-10-09,23.10002,23.18,22.56002,22.86,3941500,8.1392
2007-10-08,23.67001,23.68001,23.06,23.18,3507800,8.25314
2007-10-05,23.25,23.25,23.25,23.25,000,8.27806
2007-10-04,23.25,23.25,23.25,23.25,000,8.27806
2007-10-03,23.25,23.25,23.25,23.25,000,8.27806
2007-10-02,23.25,23.25,23.25,23.25,000,8.27806
2007-10-01,23.25,23.25,23.25,23.25,000,8.27806
2007-09-28,23.14001,23.60,23.11002,23.25,4437100,8.27806
2007-09-27,22.85,23.00001,22.66,22.99,3209000,8.18549
2007-09-26,23.23002,23.28001,22.61001,22.86,2523100,8.1392
2007-09-25,22.76002,23.09002,22.60001,23.01001,3573300,8.19261
2007-09-24,22.75001,23.15001,22.11,22.75001,4821700,8.10004
2007-09-21,23.15001,23.15001,22.20001,22.72,5854500,8.08936
2007-09-20,23.10002,23.49001,22.81001,23.00001,5514800,8.18905
2007-09-19,24.00,24.00,22.88001,23.00001,10132200,8.18905
2007-09-18,24.04002,24.67993,23.87,23.96001,5702300,8.53086
2007-09-17,23.78002,24.48011,23.25,24.10002,5942400,8.5807
2007-09-14,24.50011,24.5999,23.30002,24.03001,6223500,8.55578
2007-09-13,24.30001,24.98004,23.38002,24.25002,10784700,8.63411
2007-09-12,23.14001,23.80,22.61001,23.30002,6825300,8.29587
2007-09-11,25.11009,25.70006,22.70002,23.22001,7823200,8.26738
2007-09-10,24.5999,25.35994,24.00,25.20988,7396000,8.97587
2007-09-07,25.99992,26.25002,24.69994,24.79998,11568100,8.82992
2007-09-06,26.60014,27.45997,26.21,26.28003,16729500,9.35689
2007-09-05,25.19012,26.31004,25.10009,26.28003,17474500,9.35689
2007-09-04,25.10009,25.97992,24.40007,25.19988,13156100,8.97231
2007-09-03,24.69994,25.47998,24.50011,24.98004,8916500,8.89403
2007-08-31,24.49011,25.19012,24.40007,24.65993,6218900,8.78006
2007-08-30,24.20,24.69994,23.81001,24.44009,6070500,8.70179
2007-08-29,24.5999,24.5999,23.65,24.02001,10341900,8.55222
2007-08-28,25.60002,25.99992,24.54989,24.63992,14897300,8.77293
2007-08-27,25.61003,26.70994,25.45997,25.84011,13515700,9.20026
2007-08-24,26.35005,26.50011,25.19988,25.48998,17092700,9.0756
2007-08-23,24.15001,26.30003,23.80,26.28003,24353100,9.35689
2007-08-22,23.44002,23.99,23.12,23.91002,8843100,8.51306
2007-08-21,24.00,24.19,23.45,23.67001,6523000,8.4276
2007-08-20,23.36002,23.99,23.36002,23.84002,8888800,8.48813
2007-08-17,23.00001,23.50002,22.80001,23.08001,5169500,8.21754
2007-08-16,23.10002,23.30002,22.60001,23.13001,4812100,8.23534
2007-08-15,23.51002,23.98002,22.70002,23.28001,6106200,8.28874
2007-08-14,22.72,24.00,22.72,23.47001,9798600,8.35639
2007-08-13,22.01001,22.75001,21.99001,22.70002,6641000,8.08224
2007-08-10,22.41001,22.78,22.07001,22.15001,5663400,7.88642
2007-08-09,22.31,22.85,22.26001,22.40001,4473200,7.97542
2007-08-08,22.90002,22.90002,21.89002,22.26001,6576500,7.92558
2007-08-07,23.60,23.60,22.88001,23.05,7882700,8.20685
2007-08-06,23.20,24.00,23.00001,23.60,9046800,8.40268
2007-08-03,22.70002,23.30002,22.43002,22.91,7804900,8.157
2007-08-02,22.40001,22.80001,21.51,22.22002,9933700,7.91134
2007-08-01,24.20,24.49011,22.08001,22.14001,13584900,7.88285
2007-07-31,23.04002,24.69994,23.04002,24.20,11609200,8.6163
2007-07-30,23.00001,23.42001,22.81001,23.32,9265900,8.30298
2007-07-27,22.95001,23.49001,22.12,23.11002,10091600,8.22822
2007-07-26,21.32001,23.39,21.20001,22.91,12163900,8.157
2007-07-25,20.58001,21.39001,20.51,21.29002,6286700,7.58022
2007-07-24,21.00001,21.50,20.65001,20.68002,7691500,7.36303
2007-07-23,19.74002,20.88002,19.74002,20.86001,9622100,7.42712
2007-07-20,19.29,19.75,19.21,19.72001,6602300,7.02122
2007-07-19,19.19001,19.42,19.04001,19.21,3360200,6.83963
2007-07-18,19.60002,19.70,19.01,19.19001,5117500,6.83252
2007-07-17,18.98001,18.98001,18.98001,18.98001,000,6.75775
2007-07-16,19.65001,19.90,18.98001,18.98001,2771600,6.75775
2007-07-13,20.22,20.26001,19.20002,19.62,5975000,6.98561
2007-07-12,19.30,19.30,19.30,19.30,000,6.87168
2007-07-11,19.20002,19.80002,18.97001,19.30,3363900,6.87168
2007-07-10,20.10,20.10,18.80002,19.19001,5022900,6.83252
2007-07-09,19.83,20.15002,19.49,20.02,4636800,7.12803
2007-07-06,18.60002,19.60002,18.42,19.49,4456400,6.93933
2007-07-05,19.60002,19.76,18.65001,18.68,5547700,6.65093
2007-07-04,20.45001,20.52001,19.65001,19.76,3272600,7.03546
2007-07-03,20.48002,20.79001,19.95,20.41002,4864200,7.2669
2007-07-02,19.58001,20.66001,19.28,20.58001,4896800,7.32742
2007-06-29,19.80002,20.43,19.36,19.60002,6643100,6.9785
2007-06-28,22.28001,22.28001,20.30,20.35002,6697400,7.24553
2007-06-27,22.11,22.56002,21.60001,22.19,6858100,7.90065
2007-06-26,20.10,21.88002,19.88002,21.86001,8288700,7.78316
2007-06-25,22.00001,22.50002,20.20002,20.41002,10303000,7.2669
2007-06-22,24.18002,24.20,21.98,22.21001,13704300,7.90778
2007-06-21,24.03001,24.67993,23.50002,24.33,11283300,8.66259
2007-06-20,25.94991,26.4801,23.70002,24.05002,17038700,8.5629
2007-06-19,25.75008,25.75008,25.75008,25.75008,000,9.1682
2007-06-18,26.40007,26.79997,25.54,25.75008,19239200,9.1682
2007-06-15,25.00005,26.4901,24.51011,25.78009,23039900,9.17889
2007-06-14,23.49001,25.78009,23.01001,24.99005,25799900,8.8976
2007-06-13,23.70002,24.23001,23.08001,23.73,16932300,8.44896
2007-06-12,22.91,23.26,21.81001,23.20,14972200,8.26026
2007-06-11,22.18,23.20,22.10002,22.89002,11979700,8.14989
2007-06-08,21.50,22.50002,21.30,22.06001,11782600,7.85437
2007-06-07,20.83,21.52,20.50,21.48002,10279500,7.64786
2007-06-06,20.80001,21.18,19.70,20.76,9244600,7.39151
2007-06-05,19.49,20.80001,18.16001,20.61002,11853100,7.33811
2007-06-04,21.50,22.00001,20.18001,20.18001,13397400,7.185
2007-06-01,20.93001,23.03002,20.91,22.42002,23824400,7.98255
2007-05-31,21.30,21.70,19.49,20.94001,16904100,7.4556
2007-05-30,22.95001,23.50002,21.65,21.65,20075700,7.70839
2007-05-29,24.28001,24.28001,23.65,24.05002,16944200,8.5629
2007-05-28,23.77002,24.27,23.54001,24.07,19444100,8.57002
2007-05-25,23.85002,24.22001,23.54001,23.77002,13296000,8.46321
2007-05-24,23.93,24.49011,23.30002,23.87,23724900,8.49881
2007-05-23,23.50002,23.80,23.28001,23.78002,16661500,8.46677
2007-05-22,22.56002,23.50002,22.50002,23.39,15358700,8.32791
2007-05-21,21.40001,22.85,21.30,22.56002,11492900,8.03239
2007-05-18,22.81001,22.81001,22.21001,22.29002,11755100,7.93626
2007-05-17,22.52,23.00001,22.30002,22.83002,9939000,8.12853
2007-05-16,22.08001,22.53001,21.51,22.43002,11126000,7.98611
2007-05-15,23.25,23.35001,22.00001,22.06001,14891100,7.85437
2007-05-14,23.79,23.79,23.20,23.30002,12632100,8.29587
2007-05-11,23.38002,24.20,23.30002,23.83001,30693100,8.48457
2007-05-10,23.45,23.45,22.68001,23.29001,19273300,8.29231
2007-05-09,23.22001,23.22001,23.22001,23.22001,000,8.26738
2007-05-08,23.70002,23.70002,22.93001,23.22001,18415900,8.26738
2007-05-07,23.39,23.60,23.00001,23.14001,000,8.2389
2007-05-04,23.39,23.60,23.00001,23.14001,000,8.2389
2007-05-03,23.39,23.60,23.00001,23.14001,000,8.2389
2007-05-02,23.39,23.60,23.00001,23.14001,000,8.2389
2007-05-01,23.39,23.60,23.00001,23.14001,000,8.2389
2007-04-30,23.39,23.60,23.00001,23.14001,14599000,8.2389
2007-04-27,23.75001,23.75001,23.01001,23.44002,14070400,8.34572
2007-04-26,22.83002,23.60,22.40001,23.28001,12438100,8.28874
2007-04-25,23.78002,23.78002,22.00001,22.82001,15072200,8.12497
2007-04-24,23.90002,24.82999,23.75001,23.83001,19326700,8.48457
2007-04-23,23.90002,24.20,23.10002,23.83001,18829000,8.48457
2007-04-20,22.41001,24.37002,22.41001,24.07,17282900,8.57002
2007-04-19,43.83006,43.83006,43.83006,43.83006,000,15.6055
2007-04-18,45.00011,45.49024,43.60004,43.83004,23605400,8.34829
2007-04-17,46.10993,46.27989,43.50003,44.86001,19769100,8.54447
2007-04-16,45.00011,46.3001,43.68006,46.0502,18629700,8.77117
2007-04-13,43.50003,44.79018,42.68003,44.06992,25269700,8.39398
2007-04-12,39.10002,41.57004,38.91003,41.36002,17430600,7.87783
2007-04-11,37.97005,39.00002,37.20003,38.85004,13015900,7.39975
2007-04-10,37.50003,38.23005,36.15003,37.92003,10293800,7.22261
2007-04-09,37.12005,38.79005,37.12005,37.37004,10048200,7.11786
2007-04-06,35.40003,37.15005,35.30003,36.87002,10971200,7.02262
2007-04-05,35.50003,35.90004,35.20003,35.71005,5054300,6.80168
2007-04-04,36.00004,36.30005,35.30003,35.64004,10566700,6.78835
2007-04-03,35.00002,36.20005,34.72004,35.99003,15065500,6.85501
2007-04-02,34.34002,34.34002,34.34002,34.34002,000,6.54073
2007-03-30,33.60003,34.58003,33.30003,34.34002,9665800,6.54073
2007-03-29,33.50003,33.80004,32.70002,33.52002,15051200,6.38455
2007-03-28,34.00004,34.50001,32.70002,33.22001,12906400,6.3274
2007-03-27,34.38003,34.95004,33.80004,33.98002,11114900,6.47216
2007-03-26,34.50001,35.00002,34.20005,34.37001,11007600,6.54644
2007-03-23,33.70004,34.46005,33.60003,34.19004,5570000,6.51216
2007-03-22,33.79003,34.34002,33.70004,33.77004,6264700,6.43217
2007-03-21,34.30005,34.77002,33.48005,33.78001,9975900,6.43407
2007-03-20,35.40003,35.50003,34.18002,34.37001,10746900,6.54644
2007-03-19,33.89003,33.89003,33.89003,33.89003,000,6.45502
2007-03-16,35.50003,35.58005,33.52002,33.89003,11985100,6.45502
2007-03-15,33.97005,35.50003,33.73003,35.27003,12853600,6.71787
2007-03-14,33.13002,34.49004,31.51005,34.00004,21809500,6.47598
2007-03-13,33.47004,35.73003,32.81003,33.18004,23233400,6.31979
2007-03-12,29.75002,32.69005,29.30003,32.50001,22157000,6.19027
2007-03-09,30.55003,30.70002,29.75002,29.86003,12854500,5.68743
2007-03-08,30.33005,30.51002,29.97005,30.30001,7095800,5.77123
2007-03-07,29.01004,30.09003,29.01004,29.84,18611300,5.68361
2007-03-06,30.12003,30.12003,28.70002,28.78004,13001900,5.48172
2007-03-05,31.00002,32.10005,29.23002,29.99003,6989000,5.71219
2007-03-02,30.34002,31.50003,30.34002,30.88004,4169700,5.88171
2007-03-01,31.77004,31.77004,30.00004,30.52004,4905000,5.81314
2007-02-28,30.40001,31.88002,30.30001,31.77004,6807400,6.05123
2007-02-27,33.99003,34.15003,30.64002,30.64002,11976200,5.83599
2007-02-26,33.05005,34.15003,32.00004,34.04001,5547200,6.48359
2007-02-23,33.30003,33.49002,32.25003,32.71003,000,6.23027
2007-02-22,33.30003,33.49002,32.25003,32.71003,000,6.23027
2007-02-21,33.30003,33.49002,32.25003,32.71003,000,6.23027
2007-02-20,33.30003,33.49002,32.25003,32.71003,000,6.23027
2007-02-19,33.30003,33.49002,32.25003,32.71003,000,6.23027
2007-02-16,33.30003,33.49002,32.25003,32.71003,4137000,6.23027
2007-02-15,32.49004,33.10002,32.09003,33.06001,5103700,6.29693
2007-02-14,32.50001,32.80002,32.00004,32.33005,6199600,6.15789
2007-02-13,31.00002,32.50001,31.00002,32.47001,8967300,6.18455
2007-02-12,30.85004,31.20003,30.40001,30.90002,9161500,5.88552
2007-02-09,31.26002,31.78001,30.60001,30.87002,2130100,5.8798
2007-02-08,30.62004,31.37003,29.61005,31.19001,3148400,5.94075
2007-02-07,30.40001,31.00002,30.00004,30.60001,3602800,5.82837
2007-02-06,29.51005,29.90004,28.68003,29.30003,3330300,5.58077
2007-02-05,29.50003,30.48003,28.88004,29.57004,1629300,5.63219
2007-02-02,32.08002,32.08002,29.70004,29.79003,2932300,5.6741
2007-02-01,31.20003,32.00004,30.10005,31.60003,3654000,6.01885
2007-01-31,36.15003,37.10002,32.10005,32.18002,6807500,6.12932
2007-01-30,37.30003,37.32006,35.21004,35.48005,3745700,6.75787
2007-01-29,34.20005,37.35005,33.53003,37.32006,5562600,7.10834
2007-01-26,32.67002,34.02003,31.60003,33.95002,3369100,6.46645
2007-01-25,33.04003,34.39004,32.90002,32.92005,3112300,6.27027
2007-01-24,34.80002,37.00002,33.29001,33.40003,5845600,6.36169
2007-01-23,36.50005,36.80002,34.51002,34.85004,4871000,6.63787
2007-01-22,35.27003,37.18004,35.12005,36.74002,2993100,6.99786
2007-01-19,34.81003,35.50003,34.25003,35.27003,4308900,6.71787
2007-01-18,34.00004,35.05005,32.88004,34.99005,6041500,6.66454
2007-01-17,31.92003,34.79005,31.92003,34.59004,15244300,6.58835
2007-01-16,30.00004,32.09003,29.80004,32.01001,11504100,6.09694
2007-01-15,28.28002,30.15002,28.28002,30.04001,8187300,5.72171
2007-01-12,28.50001,29.34004,28.00004,28.20,7029400,5.37124
2007-01-11,29.00002,29.60004,28.01001,28.61003,10888700,5.44934
2007-01-10,27.50003,29.50003,26.90002,29.06001,12196700,5.53505
2007-01-09,26.26004,27.00002,26.00004,26.85004,9017700,5.11412
2007-01-08,25.00002,26.15002,25.00002,26.12003,7019200,4.97507
2007-01-05,24.50001,25.29002,23.89003,25.26002,6577100,4.81127
2007-01-04,24.93002,25.50003,24.58003,24.59004,5847600,4.68366
2007-01-03,25.25001,25.58001,24.71003,24.86001,000,4.73508
2007-01-02,25.25001,25.58001,24.71003,24.86001,000,4.73508
2007-01-01,25.25001,25.58001,24.71003,24.86001,000,4.73508
2006-12-29,25.25001,25.58001,24.71003,24.86001,9306400,4.73508
2006-12-28,25.93004,26.40001,25.01004,25.14003,4135100,4.78841
2006-12-27,25.45001,26.38003,25.45001,26.17001,5941800,4.98459
2006-12-26,25.05,25.78001,25.05,25.45001,6170200,4.84745
2006-12-25,25.40003,25.98002,25.00002,25.24004,7094200,4.80746
2006-12-22,25.49002,25.99003,25.13002,25.44004,5084900,4.84556
2006-12-21,26.68003,27.50003,25.70004,25.90004,8030700,4.93317
2006-12-20,25.80004,26.90002,25.42001,26.66001,4156900,5.07792
2006-12-19,26.54002,26.97003,25.20003,25.90004,11016000,4.93317
2006-12-18,26.97003,27.50003,26.30001,26.52004,5447000,5.05126
2006-12-15,26.14001,27.30003,26.00004,26.97003,5162500,5.13697
2006-12-14,25.03002,26.05002,25.03002,25.90004,3550900,4.93317
2006-12-13,25.98002,26.00004,24.88004,25.30003,11023000,4.81889
2006-12-12,26.80002,26.96001,25.58001,26.00004,4297000,4.95222
2006-12-11,25.42001,26.59004,25.30003,26.54002,8566100,5.05507
2006-12-08,26.99001,26.99001,25.60004,25.61001,10156200,4.87793
2006-12-07,28.53001,29.11004,27.50003,27.52002,7925900,5.24173
2006-12-06,28.20,29.95002,26.80002,28.49004,15217300,5.42649
2006-12-05,27.88001,28.17001,27.45001,27.99003,8366400,5.33125
2006-12-04,28.35003,28.50001,27.65002,27.90004,8590800,5.31411
2006-12-01,27.00002,28.25003,26.80002,27.85002,7947500,5.30458
2006-11-30,27.11004,28.00004,26.91003,27.03002,4606900,5.1484
2006-11-29,25.95002,27.40003,25.00002,27.03002,8795400,5.1484
2006-11-28,25.30003,26.40001,25.07003,26.36004,5328000,5.02079
2006-11-27,24.80002,25.39002,24.60001,25.35001,3030100,4.82841
2006-11-24,25.21004,25.46002,24.51002,24.81003,5486400,4.72556
2006-11-23,25.67004,25.95002,25.00002,25.27003,7485000,4.81317
2006-11-22,25.25001,26.40001,24.71003,25.67004,7566500,4.88936
2006-11-21,25.28,25.90004,24.87002,25.30003,2843800,4.81889
2006-11-20,26.10,26.80002,25.31004,25.59002,6255200,4.87412
2006-11-17,25.68001,26.49004,25.68001,26.31002,6032100,5.01126
2006-11-16,25.20003,27.26002,24.89001,25.98002,13692800,4.9484
2006-11-15,24.89001,24.89001,23.80004,24.89001,8648200,4.74079
2006-11-14,22.63001,22.63001,22.63001,22.63001,000,4.31033
2006-11-13,23.56003,24.10,22.50001,22.63001,4913700,4.31033
2006-11-10,24.33,24.45003,23.30003,23.58001,3435000,4.49128
2006-11-09,22.99001,24.38003,22.85004,24.33,5874100,4.63413
2006-11-08,23.50003,23.60004,22.86001,23.02,3436700,4.38461
2006-11-07,23.40003,24.00,23.01004,23.50003,2640200,4.47604
2006-11-06,22.50001,23.98002,22.45003,23.34004,5042900,4.44557
2006-11-03,23.28,23.42001,22.51002,22.68003,5014900,4.31986
2006-11-02,24.01001,24.01001,22.85004,23.34004,5770900,4.44557
2006-11-01,24.45003,24.62004,23.70004,24.00,2521000,4.57127
2006-10-31,24.28002,24.69,23.70004,24.60001,3787200,4.68556
2006-10-30,25.00002,25.28,23.51,24.04001,8296200,4.57889
2006-10-27,25.01004,26.18002,25.00002,25.39002,6994600,4.83603
2006-10-26,24.87002,25.40003,23.90004,25.15,6213900,4.79031
2006-10-25,23.20003,25.19001,23.02,24.65004,7754900,4.69508
2006-10-24,22.73001,23.47004,22.70002,23.15,2764800,4.40937
2006-10-23,23.00002,23.57004,22.61003,22.73001,3389900,4.32938
2006-10-20,23.50003,24.09003,23.30003,23.42001,2464000,4.4608
2006-10-19,22.81003,24.30001,22.70002,23.70004,6788000,4.51414
2006-10-18,21.99003,23.35001,21.91001,22.70002,4889400,4.32366
2006-10-17,22.20,22.49004,21.65001,22.00,4781300,4.19033
2006-10-16,23.50003,23.50003,22.30001,22.37001,4104100,4.26081
2006-10-13,22.69,23.73003,22.51002,23.47004,5313900,4.47033
2006-10-12,22.68003,23.15,22.35003,22.80002,8097600,4.34271
2006-10-11,24.07001,24.50001,22.52004,22.76001,11859600,4.33509
2006-10-10,23.80004,24.56,23.30003,24.05002,10744900,4.5808
2006-10-09,23.98002,24.28002,23.28,24.00,17596400,4.57127
2006-10-06,23.50003,25.10002,23.20003,24.08002,000,4.58651
2006-10-05,23.50003,25.10002,23.20003,24.08002,000,4.58651
2006-10-04,23.50003,25.10002,23.20003,24.08002,000,4.58651
2006-10-03,23.50003,25.10002,23.20003,24.08002,000,4.58651
2006-10-02,23.50003,25.10002,23.20003,24.08002,000,4.58651
2006-09-29,23.50003,25.10002,23.20003,24.08002,14992200,4.58651
2006-09-28,21.33002,23.49002,21.01004,23.43003,17166400,4.46271
2006-09-27,21.35001,21.80004,20.86001,21.35001,11277300,4.06653
2006-09-26,21.34004,21.34004,21.34004,21.34004,000,4.06463
2006-09-25,19.45001,21.34004,19.40003,21.34004,21653900,4.06463
2006-09-22,19.00002,19.78001,18.73001,19.40003,13592100,3.69512
2006-09-21,17.90,19.07003,17.75002,18.99001,14644200,3.61702
2006-09-20,17.79003,18.00,17.50003,17.72002,3914300,3.37513
2006-09-19,17.80,18.26,17.78001,17.85002,4510100,3.39989
2006-09-18,17.39002,17.79003,17.39002,17.78001,2773700,3.38655
2006-09-15,17.21,17.44,17.21,17.38,3956100,3.31036
2006-09-14,17.31,17.65001,17.10002,17.25001,5808000,3.2856
2006-09-13,17.85002,18.17001,17.51,17.52002,3482900,3.33703
2006-09-12,17.90,18.21002,17.71001,17.91001,2617000,3.41131
2006-09-11,17.66003,18.08002,17.20003,17.92002,2309000,3.41322
2006-09-08,17.65001,17.96003,17.65001,17.71001,2563000,3.37322
2006-09-07,18.30001,18.30001,17.50003,17.68001,2951500,3.36751
2006-09-06,18.33,18.33,17.90,18.28002,3341500,3.48179
2006-09-05,17.70004,18.40001,17.60004,18.38003,7440800,3.50084
2006-09-04,17.06001,17.78001,17.01004,17.70004,5224500,3.37132
2006-09-01,17.50003,17.60004,16.90002,17.13002,4315100,3.26275
2006-08-31,17.61,17.78001,17.46002,17.53003,7748200,3.33894
2006-08-30,17.30003,17.73003,17.10999,17.71001,7839800,3.37322
2006-08-29,17.08,17.66003,16.92,17.39002,11212900,3.31227
2006-08-28,16.45003,17.16002,16.40001,17.03002,15718900,3.2437
2006-08-25,15.98002,16.30001,15.98002,16.09003,2818100,3.06466
2006-08-24,15.88001,16.01001,15.65001,15.96003,2341400,3.0399
2006-08-23,15.90,16.34002,15.80,15.91001,5496500,3.03037
2006-08-22,15.80,15.98002,15.65001,15.91001,4271800,3.03037
2006-08-21,14.86001,15.95002,14.71003,15.78001,5133300,3.00561
2006-08-18,15.16002,15.69999,15.15,15.42001,4376400,2.93704
2006-08-17,15.20003,15.30003,15.00002,15.14003,1825700,2.88372
2006-08-16,15.23999,15.49002,15.00002,15.40003,2689700,2.93324
2006-08-15,14.89001,15.28,14.81003,15.23999,2754900,2.90276
2006-08-14,15.59002,15.80,14.87999,14.90002,3075800,2.838
2006-08-11,15.80,15.92999,15.50003,15.81001,3070900,3.01133
2006-08-10,15.85002,16.00,15.69999,15.75002,3374300,2.9999
2006-08-09,15.77,16.04001,15.68001,15.83004,4635800,3.01514
2006-08-08,15.00002,15.73003,15.00002,15.69999,3521700,2.99037
2006-08-07,15.10002,15.29002,14.76001,15.06001,3071800,2.86848
2006-08-04,15.80,15.80,15.06001,15.21,4928100,2.89704
2006-08-03,15.90,16.10,15.67,15.75002,1596700,2.9999
2006-08-02,15.90,16.09003,15.68001,15.89003,3374300,3.02657
2006-08-01,15.55001,16.20,15.55001,15.82002,4280600,3.01323
2006-07-31,16.40001,16.40001,15.56003,15.68001,7437700,2.98657
2006-07-28,16.55003,16.80002,16.21002,16.42004,6345500,3.12752
2006-07-27,17.15,17.30003,16.50001,16.61003,8780800,3.16371
2006-07-26,17.60004,17.60004,17.00002,17.10999,4535200,3.25893
2006-07-25,17.55001,17.65001,17.32001,17.53003,5987800,3.33894
2006-07-24,16.80002,17.58001,16.30001,17.50003,3291600,3.33322
2006-07-21,16.84003,17.12001,16.74999,17.03002,2275100,3.2437
2006-07-20,16.88004,17.12001,16.56,16.84003,4417900,3.20751
2006-07-19,17.60004,17.70004,16.80002,16.89001,4387300,3.21703
2006-07-18,17.71001,17.80,17.41,17.71001,3223000,3.37322
2006-07-17,17.50003,17.85002,17.41,17.69002,4116300,3.36941
2006-07-14,17.35001,17.94001,17.13002,17.54,6909300,3.34084
2006-07-13,18.97002,18.97002,17.27003,17.61,15954700,3.35417
2006-07-12,20.07001,20.28002,19.04003,19.09001,20330400,3.63607
2006-07-11,20.38003,20.51002,19.99003,20.08002,9737500,3.82463
2006-07-10,19.75002,20.46,19.64,20.34002,9489500,3.87416
2006-07-07,20.00,20.22003,19.61,19.72002,5752200,3.75607
2006-07-06,19.75002,20.35003,19.56003,19.94001,10889800,3.79797
2006-07-05,19.00002,19.85002,18.80002,19.76003,8813100,3.76369
2006-07-04,19.52002,20.00,19.05,19.24004,9352100,3.66464
2006-07-03,18.59,20.09003,18.25003,19.57004,16188400,3.7275
2006-06-30,18.90002,19.10002,18.58003,18.59,6531200,3.54083
2006-06-29,18.72,19.27003,18.70002,18.98004,7432200,3.61512
2006-06-28,19.15,19.16002,18.61003,18.90002,6041200,3.59988
2006-06-27,18.93002,19.25001,18.57002,19.18,10932200,3.65321
2006-06-26,18.10,19.20003,18.10,18.92,18533700,3.60369
2006-06-23,17.33003,18.51003,17.20003,18.01001,11372200,3.43036
2006-06-22,17.70004,17.70004,17.22001,17.33003,10179000,3.30084
2006-06-21,18.58003,18.65004,17.80,17.81001,11344200,3.39227
2006-06-20,18.00,18.59,17.90,18.54002,15244300,3.53131
2006-06-19,18.08002,18.30001,17.73003,18.00,11003800,3.42845
2006-06-16,17.96003,18.35003,17.42001,18.29004,20939900,3.4837
2006-06-15,17.07003,17.95002,17.00002,17.93004,18173000,3.41513
2006-06-14,16.68003,17.20003,16.23,17.12001,9332700,3.26084
2006-06-13,16.48003,16.70002,16.15003,16.68003,5917700,3.17704
2006-06-12,16.10,16.54002,15.80,16.40001,4645400,3.1237
2006-06-09,16.96001,16.97003,16.01001,16.32003,8218100,3.10847
2006-06-08,16.32003,17.00002,15.85002,16.96001,12660400,3.23037
2006-06-07,18.18002,18.25003,16.36,16.41002,18328400,3.12561
2006-06-06,17.10002,18.30001,17.10002,18.04001,32461600,3.43607
2006-06-05,16.65004,16.90002,16.10,16.87002,12298200,3.21323
2006-06-02,17.00002,17.14003,16.59,16.67002,10465800,3.17513
2006-06-01,16.38003,17.28,16.35003,17.00002,13961000,3.23799
2006-05-31,17.00002,17.02001,16.36,16.41002,14894800,3.12561
2006-05-30,17.45001,17.45001,16.95,17.19001,12622100,3.27418
2006-05-29,17.50003,17.58001,16.82,17.49002,15257700,3.33132
2006-05-26,16.40001,17.30003,16.36,17.30003,18279600,3.29513
2006-05-25,16.02003,16.36,15.60004,16.30001,11813700,3.10466
2006-05-24,16.10,16.70002,15.50003,16.21002,12955000,3.08752
2006-05-23,17.00002,17.00002,16.08002,16.15003,22143800,3.07609
2006-05-22,17.40003,17.77,16.85,17.22001,23314100,3.27989
2006-05-19,19.00002,19.00002,16.01001,17.59002,45807600,3.35037
2006-05-18,19.27003,19.27003,19.27003,19.27003,000,3.67036
2006-05-17,19.27003,19.27003,19.27003,19.27003,000,3.67036
2006-05-16,19.27003,19.27003,19.27003,19.27003,000,3.67036
2006-05-15,19.27003,19.27003,19.27003,19.27003,000,3.67036
2006-05-12,19.27003,19.27003,19.27003,19.27003,000,3.67036
2006-05-11,19.27003,19.27003,19.27003,19.27003,000,3.67036
2006-05-10,19.27003,19.27003,19.27003,19.27003,000,3.67036
2006-05-09,19.27003,19.27003,19.27003,19.27003,000,3.67036
2006-05-08,19.27003,19.27003,19.27003,19.27003,000,3.67036
2006-05-05,19.27003,19.27003,19.27003,19.27003,000,3.67036
2006-05-04,19.27003,19.27003,19.27003,19.27003,000,3.67036
2006-05-03,19.27003,19.27003,19.27003,19.27003,000,3.67036
2006-05-02,19.27003,19.27003,19.27003,19.27003,000,3.67036
2006-05-01,19.27003,19.27003,19.27003,19.27003,000,3.67036
2006-04-28,19.27003,19.27003,19.27003,19.27003,000,3.67036
2006-04-27,19.27003,19.27003,19.27003,19.27003,000,3.67036
2006-04-26,19.27003,19.27003,19.27003,19.27003,000,3.67036
2006-04-25,20.60001,20.60001,19.20003,19.27003,13908000,3.67036
2006-04-24,19.50003,21.48001,19.50003,20.69,9735000,3.94082
2006-04-21,20.50001,22.26004,20.30001,21.47004,11415200,4.08939
2006-04-20,30.85999,30.85999,29.55001,30.85999,33189300,3.50034
2006-04-19,28.04998,28.04998,28.04998,28.04998,782900,3.18161
2006-04-18,25.49999,25.49999,25.49999,25.49999,000,2.89237
2006-04-17,25.49999,25.49999,25.49999,25.49999,000,2.89237
2006-04-14,25.49999,25.49999,25.49999,25.49999,000,2.89237
2006-04-13,25.49999,25.49999,25.49999,25.49999,000,2.89237
2006-04-12,25.49999,25.49999,25.49999,25.49999,000,2.89237
2006-04-11,25.49999,25.49999,25.49999,25.49999,000,2.89237
2006-04-10,25.49999,25.49999,25.49999,25.49999,000,2.89237
2006-04-07,25.49999,25.49999,25.49999,25.49999,000,2.89237
2006-04-06,25.49999,25.49999,25.49999,25.49999,000,2.89237
2006-04-05,25.49999,25.49999,25.49999,25.49999,000,2.89237
2006-04-04,25.49999,25.49999,25.49999,25.49999,000,2.89237
2006-04-03,25.49999,25.49999,25.49999,25.49999,000,2.89237
2006-03-31,25.49999,25.49999,25.49999,25.49999,000,2.89237
2006-03-30,25.49999,25.49999,25.49999,25.49999,000,2.89237
2006-03-29,25.49999,25.49999,25.49999,25.49999,000,2.89237
2006-03-28,25.49999,25.49999,25.49999,25.49999,000,2.89237
2006-03-27,25.49999,25.49999,25.49999,25.49999,000,2.89237
2006-03-24,25.49999,25.49999,25.49999,25.49999,000,2.89237
2006-03-23,25.49999,25.49999,25.49999,25.49999,000,2.89237
2006-03-22,25.49999,25.49999,25.49999,25.49999,000,2.89237
2006-03-21,25.49999,25.49999,25.49999,25.49999,000,2.89237
2006-03-20,25.49999,25.49999,25.49999,25.49999,000,2.89237
2006-03-17,24.99998,25.65,24.91,25.49999,4274300,2.89237
2006-03-16,25.17996,25.19999,24.74998,24.98997,2210600,2.83452
2006-03-15,24.50999,25.24999,24.49997,25.01,5356000,2.83679
2006-03-14,24.14997,24.79998,24.09997,24.58996,2794500,2.78915
2006-03-13,24.18001,24.94998,24.14997,24.18001,5018400,2.74265
2006-03-10,23.30002,24.10998,23.30002,23.98,2087500,2.71997
2006-03-09,23.37999,23.59996,23.10001,23.36998,899900,2.65077
2006-03-08,23.35002,23.52999,23.00001,23.40002,1552000,2.65418
2006-03-07,23.99996,24.03,23.30002,23.30996,2317500,2.64397
2006-03-06,24.18001,24.43996,23.84996,24.03,989700,2.72564
2006-03-03,24.19997,24.49997,23.49995,24.47,3523600,2.77554
2006-03-02,24.99998,25.39999,24.04997,24.28996,2980900,2.75512
2006-03-01,24.30998,25.22996,24.13001,25.13997,4829100,2.85154
2006-02-28,24.29997,24.49997,23.80997,24.28001,1891900,2.75399
2006-02-27,24.03,24.72,23.89996,24.38001,2334600,2.76534
2006-02-24,23.65997,24.48996,23.45002,24.03,2333400,2.72564
2006-02-23,23.59996,23.98,23.20996,23.55997,3675400,2.67232
2006-02-22,24.54997,24.54997,23.49995,23.54995,4457200,2.67119
2006-02-21,23.89001,24.44997,23.49995,24.33996,4844900,2.76079
2006-02-20,23.94996,24.28001,23.10001,24.03,7593700,2.72564
2006-02-17,24.87996,24.99998,23.89996,23.94002,4825200,2.71543
2006-02-16,25.97998,26.00,24.79998,24.91,5184400,2.82545
2006-02-15,26.61998,26.70997,25.90,25.97998,3057500,2.94682
2006-02-14,26.07998,26.79996,25.82997,26.59,4303400,3.01601
2006-02-13,25.86002,26.40001,25.60,26.10001,1879000,2.96043
2006-02-10,26.07998,26.35001,25.44999,25.98999,3487300,2.94795
2006-02-09,26.40996,26.69995,25.75,25.95,2936700,2.94342
2006-02-08,26.59995,27.38001,26.30001,26.69995,2283000,3.02848
2006-02-07,27.01999,27.44997,26.50996,26.64,4948600,3.02168
2006-02-06,27.19996,27.54997,26.45001,27.38001,4106000,3.10562
2006-02-03,27.24996,28.29998,26.55002,27.41999,000,3.11015
2006-02-02,27.24996,28.29998,26.55002,27.41999,000,3.11015
2006-02-01,27.24996,28.29998,26.55002,27.41999,000,3.11015
2006-01-31,27.24996,28.29998,26.55002,27.41999,000,3.11015
2006-01-30,27.24996,28.29998,26.55002,27.41999,000,3.11015
2006-01-27,27.24996,28.29998,26.55002,27.41999,000,3.11015
2006-01-26,27.24996,28.29998,26.55002,27.41999,000,3.11015
2006-01-25,27.24996,28.29998,26.55002,27.41999,7195200,3.11015
2006-01-24,25.92998,28.19998,25.41001,27.98996,8495200,3.1748
2006-01-23,26.45001,26.99001,25.66996,25.98999,6082200,2.94795
2006-01-20,26.34,27.54997,26.20001,26.49,2780000,3.00467
2006-01-19,26.89996,27.29997,26.20001,26.59995,2818800,3.01714
2006-01-18,26.18999,26.98,26.18999,26.84996,2899800,3.04549
2006-01-17,26.00,26.69995,25.91996,26.20001,1624900,2.97177
2006-01-16,26.59,27.04996,25.70,25.88999,3204100,2.93661
2006-01-13,27.09996,28.34999,26.50996,26.67999,5684000,3.02622
2006-01-12,27.14996,27.28,26.41997,26.96998,2663800,3.05911
2006-01-11,25.87998,27.49997,25.71001,27.25998,7443900,3.092
2006-01-10,24.74998,26.17998,24.33001,25.98999,4524700,2.94795
2006-01-09,24.68996,24.97001,24.24997,24.70999,6839700,2.80277
2006-01-06,24.04997,24.84998,23.69996,24.80999,12651800,2.81411
2006-01-05,24.29997,24.58996,23.59996,24.05998,16897300,2.72904
2006-01-04,24.70999,24.98997,23.98,24.29997,7845200,2.75626
2006-01-03,25.17001,25.26,24.23995,24.73997,000,2.80617
2006-01-02,25.17001,25.26,24.23995,24.73997,000,2.80617
2005-12-30,25.17001,25.26,24.23995,24.73997,10146000,2.80617
2005-12-29,23.99996,25.19999,23.99996,25.17001,6676400,2.85494
2005-12-28,23.49995,24.18001,23.32999,24.04997,4731200,2.7279
2005-12-27,23.47999,23.93,23.19,23.52999,3792000,2.66892
2005-12-26,22.50,23.49995,22.46001,23.49995,3456200,2.66552
2005-12-23,22.42997,22.83999,22.38998,22.50,3188400,2.55209
2005-12-22,21.39998,22.97998,21.23001,22.63999,7843600,2.56797
2005-12-21,20.84996,21.39998,20.79002,21.37,2529700,2.42392
2005-12-20,20.31998,20.98995,20.25002,20.79996,1161800,2.35927
2005-12-19,20.20002,20.49001,20.00001,20.35997,1178300,2.30936
2005-12-16,20.30002,20.64996,20.05001,20.20997,798400,2.29234
2005-12-15,20.59996,20.99997,20.24001,20.26998,2140200,2.29915
2005-12-14,20.79996,20.79996,20.39996,20.55997,2501000,2.33204
2005-12-13,20.84996,20.84996,20.59996,20.68,889400,2.34566
2005-12-12,20.59996,21.19997,20.50997,20.84996,2457300,2.36494
2005-12-09,19.67998,20.68,19.65001,20.50997,5165600,2.32637
2005-12-08,19.67998,19.75001,19.30,19.70001,2042700,2.2345
2005-12-07,19.41001,19.60001,19.30,19.51002,928100,2.21295
2005-12-06,19.21996,19.45,19.21996,19.41996,614000,2.20274
2005-12-05,19.27997,19.50,19.15,19.46996,1524400,2.20841
2005-12-02,19.09999,19.58999,19.09999,19.47998,743100,2.20954
2005-12-01,19.48999,19.51002,18.59999,19.48999,1179400,2.21068
2005-11-30,19.18998,19.60001,19.04999,19.51996,1359200,2.21408
2005-11-29,19.40,19.65001,18.69999,19.51002,1535000,2.21295
2005-11-28,19.30,19.65001,19.30,19.50,753600,2.21182
2005-11-25,19.46002,19.75001,19.45,19.65001,1557900,2.22883
2005-11-24,19.60001,19.76997,19.40,19.68999,846600,2.23337
2005-11-23,19.26001,19.67998,19.26001,19.60001,672700,2.22316
2005-11-22,18.87996,19.61997,18.87996,19.56997,1587500,2.21975
2005-11-21,18.99999,19.30,18.79999,19.16996,3134800,2.17438
2005-11-18,18.38002,19.02002,18.38002,18.99999,3011200,2.1551
2005-11-17,18.39998,18.44998,18.29998,18.39998,1950700,2.08704
2005-11-16,18.14998,18.49998,17.79997,18.39998,2557800,2.08704
2005-11-15,18.88998,19.07002,18.13001,18.19998,5812000,2.06436
2005-11-14,18.84999,19.03998,18.82996,19.03998,310400,2.15964
2005-11-11,19.07997,19.16001,18.87002,19.03998,439800,2.15964
2005-11-10,19.27997,19.35,18.99999,19.03998,974200,2.15964
2005-11-09,19.25,19.75001,18.99999,19.62998,1583000,2.22656
2005-11-08,18.87996,19.30,18.79999,19.25,1473900,2.18346
2005-11-07,19.25,19.25,18.67996,18.97997,557700,2.15283
2005-11-04,19.02997,19.20,18.59999,19.18998,1117900,2.17665
2005-11-03,19.51002,19.51002,18.79999,19.09999,4317800,2.16644
2005-11-02,19.26001,19.67998,19.22997,19.40,742700,2.20047
2005-11-01,19.66002,19.75996,18.79999,19.16001,1042000,2.17325
2005-10-31,19.70001,19.99,19.46996,19.80996,2211600,2.24697
2005-10-28,19.27997,20.00001,19.06001,19.62998,4068000,2.22656
2005-10-27,18.99999,19.27997,18.99999,19.02002,1934900,2.15737
2005-10-26,19.79,19.87998,18.99999,19.07997,5018500,2.16417
2005-10-25,20.84002,20.84002,19.94,20.15996,2196800,2.28667
2005-10-24,20.55997,20.89002,20.30997,20.88,1172600,2.36834
2005-10-21,20.69996,20.98995,20.49996,20.59996,2193700,2.33658
2005-10-20,20.98001,20.98995,20.50997,20.71999,2376200,2.35019
2005-10-19,20.98995,21.38002,20.66999,21.03001,5261600,2.38536
2005-10-18,20.98001,21.13001,20.74996,21.03001,3618100,2.38536
2005-10-17,20.48,21.15998,20.40997,20.98995,4379600,2.38082
2005-10-14,19.76997,20.78,19.76997,20.56998,5945500,2.33318
2005-10-13,19.40,20.19,19.20,19.97999,2896900,2.26626
2005-10-12,19.41001,19.45,19.15,19.40,1244500,2.20047
2005-10-11,19.37997,19.47998,19.07997,19.45,429400,2.20614
2005-10-10,19.62998,19.65001,19.16001,19.43999,825400,2.20501
2005-10-07,19.75001,19.89,19.46002,19.65001,000,2.22883
2005-10-06,19.75001,19.89,19.46002,19.65001,000,2.22883
2005-10-05,19.75001,19.89,19.46002,19.65001,000,2.22883
2005-10-04,19.75001,19.89,19.46002,19.65001,000,2.22883
2005-10-03,19.75001,19.89,19.46002,19.65001,000,2.22883
2005-09-30,19.75001,19.89,19.46002,19.65001,1700800,2.22883
2005-09-29,18.97997,19.87998,18.79999,19.71002,3573700,2.23564
2005-09-28,18.84999,18.97002,18.67996,18.72996,1810900,2.12447
2005-09-27,19.15,19.27997,18.52001,18.67996,5520800,2.1188
2005-09-26,19.03998,19.30,19.03998,19.21001,1089600,2.17892
2005-09-23,19.47998,19.47998,18.97997,19.20,3356200,2.17779
2005-09-22,19.60001,19.85001,18.81,19.68999,8618700,2.23337
2005-09-21,20.02999,20.58,19.60001,19.61997,10929300,2.22542
2005-09-20,19.41996,20.10002,19.25,20.04,9352600,2.27307
2005-09-19,19.31996,19.47998,19.09999,19.41996,3253400,2.20274
2005-09-16,19.11001,19.37997,18.99999,19.28999,2487900,2.18799
2005-09-15,19.51996,19.58999,19.09999,19.12997,4545700,2.16984
2005-09-14,19.70001,19.70001,19.46996,19.51996,1706000,2.21408
2005-09-13,19.31996,19.75996,19.31001,19.68999,2390300,2.23337
2005-09-12,19.46002,19.56002,19.30,19.31001,1455300,2.19027
2005-09-09,19.47998,19.50,19.25,19.35,2360200,2.1948
2005-09-08,19.87998,19.90001,19.31001,19.43999,2856700,2.20501
2005-09-07,19.09999,19.99,19.02002,19.85001,3842000,2.25152
2005-09-06,19.57998,19.66997,19.04999,19.09999,2947900,2.16644
2005-09-05,19.60001,19.70001,19.31996,19.55,2626700,2.21749
2005-09-02,19.09999,19.57998,18.88998,19.50,3020200,2.21182
2005-09-01,18.44998,19.09999,18.30999,19.07002,3688600,2.16304
2005-08-31,18.49998,18.54998,18.19998,18.48997,1629800,2.09725
2005-08-30,18.23002,18.56,18.15999,18.52001,2627800,2.10066
2005-08-29,18.49998,18.49998,18.12,18.48997,1644700,2.09725
2005-08-26,18.32001,18.59999,17.89997,18.57001,2915400,2.10633
2005-08-25,18.38002,18.57996,18.24998,18.30999,2047900,2.07684
2005-08-24,18.29998,18.68997,18.29998,18.37001,1717700,2.08364
2005-08-23,18.03996,18.49998,17.98001,18.34998,2737500,2.08137
2005-08-22,17.71999,18.15999,17.71999,18.03996,1194900,2.04621
2005-08-19,17.76999,18.09997,17.59996,17.79997,2191700,2.01899
2005-08-18,17.99997,18.54998,17.60998,17.76999,10632100,2.01559
2005-08-17,17.83001,18.19998,17.59996,18.08001,3576700,2.05075
2005-08-16,18.49998,18.49998,17.69997,17.85998,6655100,2.02579
2005-08-15,17.68001,18.47996,17.68001,18.42001,3788000,2.08932
2005-08-12,18.08996,18.12,17.55998,17.58,3727500,1.99404
2005-08-11,17.84997,18.08001,17.73001,17.85998,5706700,2.02579
2005-08-10,17.87,17.99997,17.63,17.97,4660400,2.03827
2005-08-09,17.38,18.02,17.21998,17.87,6987400,2.02693
2005-08-08,17.49996,17.55998,17.00002,17.38,4154200,1.97135
2005-08-05,16.91998,17.53,16.74,17.36999,4681100,1.97022
2005-08-04,16.50001,16.96998,16.32998,16.81998,2339000,1.90783
2005-08-03,16.65001,16.79,16.41002,16.60001,4048600,1.88288
2005-08-02,17.19001,17.19001,16.30,16.65996,6328100,1.88968
2005-08-01,17.00002,17.00002,17.00002,17.00002,000,1.92825
2005-07-29,16.91998,17.10002,16.87999,17.00002,1807900,1.92825
2005-07-28,17.10002,17.39001,16.90002,16.95996,3152700,1.92371
2005-07-27,17.30997,17.30997,16.90002,17.15002,3450500,1.94527
2005-07-26,16.80001,17.30997,16.80001,17.25997,4772600,1.95774
2005-07-25,16.79,17.28,16.70001,16.96998,6401600,1.92484
2005-07-22,16.30,16.97999,16.17997,16.85002,5991000,1.91124
2005-07-21,16.25,16.52998,15.97997,16.25,4699600,1.84318
2005-07-20,16.16001,16.67999,16.16001,16.38999,5382700,1.85906
2005-07-19,15.82997,16.47998,15.82997,16.37998,10303000,1.85792
2005-07-18,15.69999,15.97997,15.39999,15.82997,2384000,1.79554
2005-07-15,15.76001,16.10,15.51,15.64999,5564400,1.77512
2005-07-14,15.28002,15.82002,15.28002,15.73998,5416400,1.78533
2005-07-13,15.41,15.57996,15.32001,15.33002,1420400,1.73883
2005-07-12,14.89998,15.59999,14.84997,15.49999,2757400,1.75811
2005-07-11,14.93002,15.44999,14.79997,14.94998,1679800,1.69572
2005-07-08,15.04998,15.15999,14.79997,14.85999,1797700,1.68552
2005-07-07,15.19998,15.34998,15.09998,15.19998,885600,1.72408
2005-07-06,15.52001,15.62002,14.98002,15.38997,2948300,1.74563
2005-07-05,15.17001,15.62996,15.17001,15.56,3975000,1.76492
2005-07-04,15.18002,15.34998,14.62,15.32001,1539400,1.73769
2005-07-01,14.82,15.49999,14.60998,15.33002,2798200,1.73883
2005-06-30,15.47001,15.47001,14.84997,14.85999,2732600,1.68552
2005-06-29,15.33002,15.54999,15.09998,15.29998,1804800,1.73542
2005-06-28,15.85,15.85,15.32001,15.37996,3979300,1.74449
2005-06-27,15.58998,16.15,15.58998,15.87002,7480000,1.80008
2005-06-24,15.09998,15.48997,14.99998,15.44999,1591700,1.75244
2005-06-23,14.98002,15.19998,14.84997,15.15999,1398400,1.71954
2005-06-22,15.08002,15.29998,14.78996,14.99998,1883900,1.70139
2005-06-21,15.42001,15.61,15.19998,15.27001,3858400,1.73202
2005-06-20,14.54997,15.46,14.33,15.41,8695100,1.7479
2005-06-17,14.88996,14.99998,14.53001,14.54997,1345400,1.65035
2005-06-16,14.20997,14.98996,14.20997,14.93002,1344100,1.69346
2005-06-15,14.49997,14.54997,14.19996,14.38,862900,1.63107
2005-06-14,14.69997,14.98002,14.50998,14.51999,1930400,1.64695
2005-06-13,14.80999,14.93996,14.44002,14.79997,1992300,1.67871
2005-06-10,15.04998,15.44999,14.79997,14.79997,2584500,1.67871
2005-06-09,15.19998,15.74999,15.00999,15.29998,6483000,1.73542
2005-06-08,13.80002,15.27001,13.75997,15.24998,8565600,1.72975
2005-06-07,13.70002,13.99001,13.32998,13.87999,3611700,1.57436
2005-06-06,13.00,13.81998,12.80,13.62999,3016500,1.546
2005-06-03,12.56001,13.27998,12.54999,13.06996,2128400,1.48248
2005-06-02,12.51001,12.82003,12.48998,12.56001,2961700,1.42464
2005-06-01,13.20001,13.39,12.80,12.80,1739500,1.45186
2005-05-31,13.00,13.57999,13.00,13.16002,1928800,1.49269
2005-05-30,13.41002,13.41002,13.41002,13.41002,000,1.52105
2005-05-27,14.10997,14.35998,13.27998,13.41002,3223500,1.52105
2005-05-26,14.69997,14.83996,14.05002,14.35998,2665600,1.6288
2005-05-25,15.17001,15.29998,14.79997,14.93996,1203200,1.69459
2005-05-24,15.14998,15.27001,14.84997,15.24998,1731400,1.72975
2005-05-23,14.98002,15.28997,14.79997,15.20999,1974900,1.72522
2005-05-20,14.41999,15.49999,14.08,15.13997,2645100,1.71727
2005-05-19,14.68001,14.78001,14.23,14.43,960500,1.63674
2005-05-18,14.93002,14.93002,14.49997,14.78001,510700,1.67644
2005-05-17,19.44997,19.98,19.18003,19.91003,2736600,1.36356
2005-05-16,19.48003,19.60001,19.04,19.55,2249000,1.3389
2005-05-13,19.01003,19.60001,19.01003,19.56002,1611000,1.33959
2005-05-12,19.18003,19.60001,19.00001,19.21,1805400,1.31562
2005-05-11,19.61003,19.90001,19.14997,19.22002,904500,1.3163
2005-05-10,19.35002,19.99002,19.04,19.92998,1969400,1.36493
2005-05-09,20.30004,20.47997,18.70001,19.77001,4697400,1.35397
2005-05-06,21.50004,21.58003,19.79998,20.30997,000,1.39095
2005-05-05,21.50004,21.58003,19.79998,20.30997,000,1.39095
2005-05-04,21.50004,21.58003,19.79998,20.30997,000,1.39095
2005-05-03,21.50004,21.58003,19.79998,20.30997,000,1.39095
2005-05-02,21.50004,21.58003,19.79998,20.30997,000,1.39095
2005-04-29,21.50004,21.58003,19.79998,20.30997,8197300,1.39095
2005-04-28,21.28996,21.59998,20.80001,21.33998,5878300,1.46149
2005-04-27,20.50001,21.66002,20.50001,21.28996,7830100,1.45807
2005-04-26,20.38003,20.69998,20.04997,20.30997,2398600,1.39095
2005-04-25,20.63001,20.63001,20.63001,20.63001,000,1.41287
2005-04-22,20.39998,20.85002,20.28,20.63001,3523400,1.41287
2005-04-21,20.00004,20.50001,19.81,20.47997,1769900,1.40259
2005-04-20,20.30004,20.61999,19.82002,20.05999,2671900,1.37383
2005-04-19,20.22998,20.55996,20.11,20.37001,1285700,1.39506
2005-04-18,20.38003,20.60004,20.09998,20.35999,1617800,1.39438
2005-04-15,20.67001,20.81997,20.00004,20.58,3641800,1.40944
2005-04-14,20.51003,21.15002,20.30997,20.73998,4351900,1.4204
2005-04-13,20.21003,20.95999,20.21003,20.60004,3358100,1.41082
2005-04-12,20.39998,20.39998,20.00997,20.09998,2350200,1.37657
2005-04-11,20.60004,20.85996,20.30004,20.39998,3777300,1.39711
2005-04-08,20.00997,20.75,20.00997,20.68003,3934400,1.41629
2005-04-07,19.90001,20.77997,19.90001,20.09998,5647500,1.37657
2005-04-06,19.25,20.00004,19.11999,19.92998,3127800,1.36493
2005-04-05,19.30001,19.49998,19.17001,19.31003,1310600,1.32247
2005-04-04,19.30001,19.51,19.00001,19.32999,2344000,1.32383
2005-04-01,18.58996,19.98,18.32996,19.75999,3365200,1.35328
2005-03-31,18.07997,18.79002,18.05,18.71997,2874900,1.28206
2005-03-30,19.25,19.40004,18.25999,18.32996,4939400,1.25535
2005-03-29,19.49998,19.58999,19.40004,19.41999,1835200,1.33
2005-03-28,19.79998,19.79998,19.22002,19.52002,3961100,1.33685
2005-03-25,20.39998,20.43004,19.87997,19.91996,3384600,1.36424
2005-03-24,19.65996,20.50001,19.65996,20.33001,11073600,1.39232
2005-03-23,20.78999,20.78999,18.80004,19.57004,17502500,1.34027
2005-03-22,20.85002,20.94003,20.17997,20.89002,6040700,1.43067
2005-03-21,19.49998,20.81997,19.49998,20.77004,7416100,1.42246
2005-03-18,19.19998,19.77001,19.18003,19.38,2980100,1.32726
2005-03-17,19.19998,19.55,19.05996,19.21,2443600,1.31562
2005-03-16,19.57997,19.90001,19.01003,19.28999,4304900,1.3211
2005-03-15,20.78999,20.78999,19.55,19.74003,6348700,1.35192
2005-03-14,20.90004,21.15002,20.22998,20.69998,8567300,1.41766
2005-03-11,20.37001,21.07003,20.09998,21.03004,6343100,1.44026
2005-03-10,20.18999,20.98996,20.05999,20.42002,7794400,1.39849
2005-03-09,20.30004,20.54,20.00004,20.18999,5329800,1.38273
2005-03-08,19.19998,20.47997,19.19998,20.21003,8486800,1.38411
2005-03-07,19.69002,19.77001,19.14997,19.23998,2794000,1.31767
2005-03-04,19.71999,19.88999,19.53004,19.69002,2228500,1.34849
2005-03-03,20.00004,20.00004,19.51,19.71999,3026200,1.35054
2005-03-02,19.10004,20.17997,19.00001,19.87004,7337300,1.36082
2005-03-01,19.35002,19.55,19.01003,19.05003,2522600,1.30466
2005-02-28,19.48996,19.85,19.21,19.36998,2658200,1.32657
2005-02-25,18.88003,19.88999,18.88003,19.48003,5138300,1.33411
2005-02-24,19.05996,19.18003,18.78,18.97004,2015000,1.29918
2005-02-23,18.70001,19.25,18.59998,19.05003,4205500,1.30466
2005-02-22,18.31,18.92002,18.20004,18.71997,3070800,1.28206
2005-02-21,17.69998,18.50004,17.51997,18.38999,2192900,1.25946
2005-02-18,18.14001,18.14001,17.68003,17.69998,1767700,1.2122
2005-02-17,17.86998,18.16998,17.80001,18.14001,1659300,1.24234
2005-02-16,17.68003,18.24997,17.50001,17.94997,3020700,1.22932
2005-02-15,16.99002,17.77997,16.95003,17.76002,000,1.21631
2005-02-14,16.99002,17.77997,16.95003,17.76002,000,1.21631
2005-02-11,16.99002,17.77997,16.95003,17.76002,000,1.21631
2005-02-10,16.99002,17.77997,16.95003,17.76002,000,1.21631
2005-02-09,16.99002,17.77997,16.95003,17.76002,000,1.21631
2005-02-08,16.99002,17.77997,16.95003,17.76002,000,1.21631
2005-02-07,16.99002,17.77997,16.95003,17.76002,000,1.21631
2005-02-04,16.99002,17.77997,16.95003,17.76002,2342800,1.21631
2005-02-03,17.47997,17.58,17.00998,17.12996,3692400,1.17316
2005-02-02,16.00001,17.34004,15.95,17.26998,3507000,1.18275
2005-02-01,15.84997,16.43002,15.84997,15.92003,1722200,1.0903
2005-01-31,16.30001,16.30001,15.72999,15.96002,2160800,1.09304
2005-01-28,16.74997,16.82002,16.44997,16.45999,1471300,1.12728
2005-01-27,16.79999,16.95003,16.70004,16.90001,1295900,1.15742
2005-01-26,17.24001,17.24001,16.82996,16.85,1541000,1.15399
2005-01-25,17.39998,17.45,16.70004,17.21997,3317000,1.17933
2005-01-24,17.95999,17.98003,17.52999,17.64004,3222600,1.2081
2005-01-21,17.02,17.58,16.57997,17.38996,2879100,1.19097
2005-01-20,17.09998,17.20001,16.49999,17.07001,3565800,1.16906
2005-01-19,18.20997,18.23001,17.00004,17.12996,4864400,1.17316
2005-01-18,17.80001,18.36002,17.72002,18.22,3224700,1.24782
2005-01-17,19.00001,19.10004,17.68003,17.82999,5413000,1.22111
2005-01-14,19.44003,19.61003,19.19998,19.27997,1028500,1.32041
2005-01-13,19.58999,19.70004,19.14003,19.44003,1079200,1.33137
2005-01-12,19.40004,19.40004,19.11999,19.23004,637200,1.31699
2005-01-11,19.40997,19.55,19.18996,19.40004,834400,1.32863
2005-01-10,19.28999,19.53998,19.02999,19.51,1105800,1.33616
2005-01-07,19.14997,19.98,19.14997,19.44003,2604300,1.33137
2005-01-06,19.60001,19.60001,19.19998,19.30001,969200,1.32178
2005-01-05,19.23998,19.78003,19.23998,19.55,1489000,1.3389
2005-01-04,19.14997,19.35002,18.80997,19.27997,937700,1.32041
2005-01-03,19.48003,19.51,18.97997,19.30001,000,1.32178
2004-12-31,19.48003,19.51,18.97997,19.30001,2144900,1.32178
2004-12-30,19.18996,19.49998,19.09002,19.22002,970800,1.3163
2004-12-29,19.61003,19.85,19.14997,19.15999,847800,1.31219
2004-12-28,19.52002,19.81,19.34001,19.60001,980100,1.34233
2004-12-27,19.38,19.68,19.35002,19.47001,786400,1.33342
2004-12-24,19.18996,19.78996,19.18996,19.49998,1901300,1.33548
2004-12-23,19.73001,19.73001,19.00001,19.02999,2212900,1.30329
2004-12-22,18.80004,19.88999,18.80004,19.66998,3259100,1.34712
2004-12-21,19.10004,19.43001,18.67997,18.96002,2488400,1.2985
2004-12-20,19.49998,19.87997,19.00001,19.11999,3069900,1.30945
2004-12-17,20.51003,20.64997,19.95002,20.00004,2939000,1.36972
2004-12-16,20.94997,21.10001,20.68996,20.71,1320500,1.41835
2004-12-15,20.59002,21.10001,20.55002,21.03997,2762800,1.44094
2004-12-14,20.20001,20.90997,20.20001,20.60997,1658000,1.4115
2004-12-13,20.38003,20.38003,20.38003,20.38003,000,1.39575
2004-12-10,20.64997,20.73004,20.11,20.38003,1265700,1.39575
2004-12-09,20.05999,20.99998,20.03001,20.71,3013500,1.41835
2004-12-08,20.00004,20.38003,19.90001,20.05999,1900500,1.37383
2004-12-07,20.68003,20.89002,19.99002,20.00004,2275500,1.36972
2004-12-06,20.90004,20.90004,20.58,20.68003,1005100,1.41629
2004-12-03,20.34997,21.40001,20.34997,20.77997,2282500,1.42314
2004-12-02,20.41,20.68996,20.25996,20.47997,1901900,1.40259
2004-12-01,20.56998,20.77004,20.35999,20.38996,1684100,1.39643
2004-11-30,20.50001,20.81003,20.41,20.54,1883300,1.4067
2004-11-29,21.07997,21.29998,20.41,20.55996,3004300,1.40807
2004-11-26,21.11996,21.45002,20.99998,21.12998,1512200,1.44711
2004-11-25,21.10001,21.33004,20.91999,21.07997,1666100,1.44368
2004-11-24,21.05,21.45002,20.85996,21.03997,4380800,1.44094
2004-11-23,21.37997,21.80004,21.15002,21.15996,4610000,1.44916
2004-11-22,21.63004,21.83001,21.35,21.42998,4975100,1.46766
2004-11-19,22.00001,22.10004,21.55999,21.63004,3381000,1.48136
2004-11-18,21.29998,22.05002,21.23001,22.00001,5333400,1.50669
2004-11-17,21.67997,21.70001,21.21999,21.37997,5213300,1.46423
2004-11-16,21.68999,21.78,21.28003,21.70001,4529800,1.48615
2004-11-15,21.10001,21.88996,21.10001,21.67997,10288800,1.48478
2004-11-12,20.38003,20.99998,20.25003,20.98996,7762200,1.43752
2004-11-11,20.38996,21.37997,20.30004,20.38996,15526600,1.39643
2004-11-10,19.36998,20.47997,19.01003,20.41,12019800,1.3978
2004-11-09,19.10004,19.40004,18.87001,19.15999,1450800,1.31219
2004-11-08,18.70001,19.40004,18.50004,19.09002,2437800,1.3074
2004-11-05,19.47001,19.85,18.75003,18.97997,6758100,1.29986
2004-11-04,20.20001,20.29002,19.40004,19.47001,6158300,1.33342
2004-11-03,19.58999,20.34003,19.58999,20.20001,5697800,1.38342
2004-11-02,19.48996,19.77001,19.40004,19.53998,3880700,1.33822
2004-11-01,19.79998,20.20001,19.57997,19.64,9288100,1.34507
2004-10-29,19.01003,20.67001,19.01003,20.00997,30351500,1.3704
2004-10-28,20.30004,20.30004,18.31,18.79002,13985200,1.28685
2004-10-27,20.00004,20.50001,19.90001,20.12002,4319200,1.37794
2004-10-26,20.00004,20.34997,19.30001,20.00004,5314300,1.36972
2004-10-25,20.29002,20.99998,19.94001,20.05999,10623000,1.37383
2004-10-22,19.48003,20.15,19.11999,20.00004,7299900,1.36972
2004-10-21,19.49998,19.65996,19.11999,19.30001,5298400,1.32178
2004-10-20,18.89998,19.19998,18.45003,19.10004,4776100,1.30809
2004-10-19,18.41003,19.55,18.41003,18.88996,7691300,1.2937
2004-10-18,18.29998,18.58996,17.99998,18.44001,5181200,1.26288
2004-10-15,17.99998,18.50004,17.68003,18.11003,11424700,1.24028
2004-10-14,20.48999,20.48999,18.46998,18.46998,18469300,1.26494
2004-10-13,19.49998,20.75,19.30001,20.51996,15249300,1.40533
2004-10-12,19.08,20.20001,19.06998,19.51,6452000,1.33616
2004-10-11,19.48003,20.48999,19.13002,19.15999,12762200,1.31219
2004-10-08,18.02002,19.45999,17.65999,19.44997,9141800,1.33205
2004-10-07,18.20004,18.29998,17.91999,18.02002,000,1.23412
2004-10-06,18.20004,18.29998,17.91999,18.02002,000,1.23412
2004-10-05,18.20004,18.29998,17.91999,18.02002,000,1.23412
2004-10-04,18.20004,18.29998,17.91999,18.02002,000,1.23412
2004-10-01,18.20004,18.29998,17.91999,18.02002,000,1.23412
2004-09-30,18.20004,18.29998,17.91999,18.02002,3855300,1.23412
2004-09-29,18.46998,18.54997,18.01,18.14001,3456100,1.24234
2004-09-28,18.20004,18.58996,17.94997,18.46998,3195800,1.26494
2004-09-27,18.11003,18.70001,17.80001,18.01,5981500,1.23343
2004-09-24,19.10004,19.74003,17.94997,18.01,13196900,1.23343
2004-09-23,18.02996,19.02999,17.69998,19.00001,7632800,1.30124
2004-09-22,18.58003,18.89998,17.89002,18.07004,10309400,1.23755
2004-09-21,18.19002,19.49998,17.69998,18.61,12913600,1.27453
2004-09-20,17.68003,18.35,17.47997,18.11003,14501600,1.24028
2004-09-17,17.18999,17.60004,16.85,17.56998,10078600,1.2033
2004-09-16,16.48003,17.30004,16.31003,17.18999,11551900,1.17727
2004-09-15,16.30001,17.04997,16.14997,16.51,18733600,1.13071
2004-09-14,14.65999,15.71003,14.45,15.71003,8364600,1.07592
2004-09-13,14.77998,14.98997,14.25003,14.28,1277700,0.97798
2004-09-10,15.03998,15.10002,14.89996,15.03998,1249100,1.03003
2004-09-09,15.05,15.24004,14.95999,15.03998,1463700,1.03003
2004-09-08,15.58997,15.58997,15.24997,15.25999,1009300,1.0451
2004-09-07,15.10002,15.61001,15.10002,15.49002,1895000,1.06085
2004-09-06,15.07998,15.28003,15.07998,15.11997,515200,1.03551
2004-09-03,15.54997,15.54997,15.11997,15.32996,698700,1.04989
2004-09-02,15.20998,15.59999,15.01001,15.58003,1999200,1.06701
2004-09-01,15.07998,15.32003,15.07998,15.20998,1497100,1.04167
2004-08-31,15.54997,15.88003,15.28003,15.31001,5037500,1.04852
2004-08-30,15.10002,15.80004,14.99999,15.36002,5010200,1.05195
2004-08-27,14.22999,14.77004,14.21004,14.67001,4002200,1.00469
2004-08-26,14.04997,14.26998,14.00998,14.22999,1008800,0.97456
2004-08-25,13.99996,14.20002,13.79999,14.08003,1261600,0.96429
2004-08-24,13.99996,14.34997,13.39996,14.20002,3477300,0.9725
2004-08-23,14.39999,14.39999,14.08003,14.09999,1109000,0.96565
2004-08-20,14.21004,14.59996,14.17998,14.39999,1886200,0.9862
2004-08-19,14.75,14.80002,13.99996,14.22999,4774600,0.97456
2004-08-18,14.89996,15.10002,14.64997,14.68003,3240800,1.00538
2004-08-17,15.59999,15.97997,14.69999,14.85003,8828700,1.01702
2004-08-16,16.49999,16.53998,16.08,16.22996,1235900,1.11153
2004-08-13,16.22003,16.75999,16.21001,16.58999,1194200,1.13618
2004-08-12,16.40004,16.65003,16.18003,16.32999,2480900,1.11838
2004-08-11,17.39998,17.47997,16.49999,16.57004,3835400,1.13482
2004-08-10,17.20001,17.42996,17.09998,17.37001,1446100,1.1896
2004-08-09,17.30004,17.42996,17.08003,17.25996,1530300,1.18207
2004-08-06,17.60004,17.77997,16.95003,17.17997,3629300,1.17659
2004-08-05,17.85003,18.01,17.60004,17.69998,3621100,1.2122
2004-08-04,17.88,18.32002,17.60004,18.03998,6562200,1.23549
2004-08-03,17.09998,18.66002,17.09998,17.90998,11252600,1.22658
2004-08-02,16.68,17.20001,16.40004,17.18999,3282400,1.17727
2004-07-30,17.51997,17.65999,16.70998,16.79999,5363500,1.15056
2004-07-29,16.27997,17.91999,16.17001,17.39998,11852500,1.19166
2004-07-28,15.70001,16.35003,15.59999,16.28999,3741600,1.11564
2004-07-27,16.49999,16.49999,15.59999,15.75996,4262400,1.07934
2004-07-26,16.90001,16.95003,16.26002,16.32999,4595300,1.11838
2004-07-23,16.92999,17.17997,16.83998,17.12002,2796000,1.17248
2004-07-22,17.33002,17.59002,16.90001,16.95003,2994300,1.16084
2004-07-21,17.85996,17.98996,17.00004,17.33002,3831200,1.18686
2004-07-20,18.11003,18.11003,18.11003,18.11003,000,1.24028
2004-07-19,18.14001,18.33998,17.90004,18.11003,3083700,1.24028
2004-07-16,17.55003,18.40001,17.45,18.20004,5479800,1.24645
2004-07-15,17.32,17.75,17.03002,17.42002,2735300,1.19303
2004-07-14,17.55996,17.75,16.86002,17.30998,3425800,1.18549
2004-07-13,17.43998,17.78999,17.25996,17.54001,2458000,1.20125
2004-07-12,18.29998,18.48,17.42002,17.43998,5842700,1.1944
2004-07-09,18.75003,19.10004,18.50004,18.58996,2379500,1.27315
2004-07-08,19.00001,19.00001,18.59998,18.79002,3490500,1.28685
2004-07-07,19.60001,19.71999,18.80004,19.00001,5442800,1.30124
2004-07-06,19.68,20.00004,19.57997,19.60001,2948000,1.34233
2004-07-05,20.00004,20.00004,19.55,19.69002,2024900,1.34849
2004-07-02,19.88999,20.08003,19.51,20.03001,4543500,1.37178
2004-07-01,19.35996,20.16002,19.35996,19.88999,4556600,1.36219
2004-06-30,20.00004,20.28,19.28999,19.35996,4640700,1.32589
2004-06-29,19.35002,20.34003,19.14003,20.08996,6749400,1.37588
2004-06-28,21.46998,21.46998,19.74003,19.81,14416000,1.35671
2004-06-25,22.49998,23.77003,21.67997,21.93004,15810800,1.5019
2004-06-24,22.30001,22.91996,22.15999,22.54999,8890300,1.54436
2004-06-23,22.32998,22.48002,21.65,22.36998,4947400,1.53203
2004-06-22,22.40004,23.00004,22.30001,22.43001,8949300,1.53614
2004-06-21,21.29998,22.44996,21.20004,22.31996,6157300,1.52861
2004-06-18,21.78,21.98999,20.90004,21.33004,5348500,1.46081
2004-06-17,21.80004,22.01996,21.50004,21.72998,3161400,1.4882
2004-06-16,21.98999,22.14997,21.70001,21.79002,3178500,1.49231
2004-06-15,21.35,22.18003,21.35,22.02998,4149900,1.50875
2004-06-14,21.67997,21.93998,21.10001,21.37004,4069800,1.46355
2004-06-11,21.71003,22.65002,21.59998,21.70001,6426800,1.48615
2004-06-10,21.97997,22.19998,21.18,21.65,7226700,1.48272
2004-06-09,22.70997,22.87997,21.72998,22.01003,9119900,1.50738
2004-06-08,23.55002,23.85002,22.57997,22.83997,9965900,1.56422
2004-06-07,23.50001,24.10001,23.30004,23.55002,7572200,1.61285
2004-06-04,24.63997,24.76004,23.69998,23.95998,13826600,1.64092
2004-06-03,23.39998,25.49004,23.39998,24.76997,37223700,1.6964
2004-06-02,23.69998,24.37997,23.38002,23.56998,15078800,1.61421
2004-06-01,22.40004,24.19002,22.10004,23.72002,18463900,1.62449
2004-05-31,21.84003,22.49998,21.75002,22.30001,4372100,1.52724
2004-05-28,22.49998,22.57003,21.91,21.92002,4960100,1.50122
2004-05-27,21.49002,22.48996,20.99998,22.45999,7957800,1.5382
2004-05-26,21.29998,21.80004,20.88,21.49002,3805300,1.47177
2004-05-25,22.70004,22.86001,21.38999,21.45002,10969800,1.46903
2004-05-24,23.04003,23.24,22.62998,22.86001,3096700,1.56559
2004-05-21,22.75998,23.09998,22.49998,23.04003,3227700,1.57792
2004-05-20,23.14999,23.46001,22.57997,22.75998,5179600,1.55874
2004-05-19,23.43997,23.90004,23.20001,23.31999,5836600,1.59709
2004-05-18,22.82002,24.20003,22.82002,23.54,12964400,1.61216
2004-05-17,22.49998,22.79998,22.18996,22.57997,5030300,1.54641
2004-05-14,23.64996,23.65999,22.49998,22.62998,10641800,1.54984
2004-05-13,23.69998,24.10001,23.46001,23.63001,5577900,1.61833
2004-05-12,23.39998,24.02002,23.13004,23.85002,8490100,1.63339
2004-05-11,23.60004,23.85002,23.00004,23.25002,9080300,1.5923
2004-05-10,24.50004,24.51999,23.51003,23.67,12924300,1.62107
2004-05-07,23.33001,25.41999,23.33001,24.66001,000,1.68887
2004-05-06,23.33001,25.41999,23.33001,24.66001,000,1.68887
2004-05-05,23.33001,25.41999,23.33001,24.66001,000,1.68887
2004-05-04,23.33001,25.41999,23.33001,24.66001,000,1.68887
2004-05-03,23.33001,25.41999,23.33001,24.66001,000,1.68887
2004-04-30,23.33001,25.41999,23.33001,24.66001,25445400,1.68887
2004-04-29,23.99998,24.14,23.00004,23.28,16750800,1.59436
2004-04-28,22.38,24.70001,22.09002,24.15002,44980800,1.65394
2004-04-27,24.19002,24.97997,22.78003,22.82002,84742100,1.56285
